100
49 68 83 80 18 61 92 13 73 1 17 70 9 45 53 36 33 1 29 13 33 63 21 65 31 5 23 15 93 93 3 60 15 21 56 65 47 61 67 45 1 54 21 24 22 1 29 61 1 82 91 44 51 61 21 50 49 86 76 33 90 38 56 1 41 62 65 57 25 1 73 41 57 94 73 70 1 59 66 95 61 15 1 49 13 29 11 65 17 13 75 49 14 21 18 51 71 40 1 65 
2000
25 61
1285 1
941 32
1481 49
1426 36
699 66
1110 63
1375 92
1763 65
661 66
1667 89
311 73
672 40
1117 93
1410 30
367 91
154 51
1696 81
1822 77
1314 86
1369 63
1657 73
1956 51
1255 51
841 81
489 19
681 69
649 81
617 86
297 1
1557 85
1877 97
882 3
737 37
181 8
1882 61
1081 11
33 41
1717 41
211 43
677 56
889 74
1028 81
100 81
1217 73
1647 96
1566 53
1934 88
459 81
201 53
549 89
1343 66
353 62
131 37
1005 75
501 69
1721 61
1449 51
705 26
556 66
114 59
1951 93
14 29
390 76
1784 97
1976 85
101 94
1697 10
49 36
1515 1
369 37
905 81
1569 93
165 93
89 55
1641 92
1009 9
655 22
1039 65
304 94
677 61
1872 25
820 84
1047 26
472 61
965 57
1724 57
133 73
721 51
206 33
757 26
1746 55
1585 21
131 89
1265 39
587 1
616 71
506 5
1545 73
1759 61
