-1 61
952258461
-1 1
191160370
-1 32
129780277
-1 49
58979258
-1 36
25680801
-1 66
502292566
-1 63
353700384
-1 92
797426832
-1 65
929183943
-1 66
385264054
-1 89
239220491
-1 73
115911116
-1 40
539690792
-1 93
823171787
-1 30
888048434
-1 91
650776614
-1 51
235430754
-1 81
727894670
-1 77
185833647
-1 86
82164646
-1 63
656849132
-1 73
321836825
-1 51
460740896
-1 51
867386214
-1 81
847540567
-1 19
489602569
-1 69
110164637
-1 81
176452189
-1 86
634242817
-1 1
721896075
-1 85
954431116
-1 97
989301049
-1 3
536189109
-1 37
374897057
-1 8
136568659
-1 61
430835938
-1 11
839403379
-1 41
523377011
-1 41
419532554
-1 43
558415050
-1 56
195796480
-1 74
432695188
-1 81
656348163
-1 81
625619047
-1 73
440972092
-1 96
732169485
-1 53
980882717
-1 88
996888739
-1 81
622151347
-1 53
876018666
-1 89
153533667
-1 66
47720838
-1 62
512595423
-1 37
667415107
-1 75
338743677
-1 69
722117475
-1 61
910976549
-1 51
803232557
-1 26
983501299
-1 66
117031900
-1 59
360462494
-1 93
870726839
-1 29
819391
-1 76
326373709
-1 97
960341072
-1 85
719056749
-1 94
896749379
-1 10
47031924
-1 36
910065075
-1 1
718837513
-1 37
740797994
-1 81
8497061
-1 93
583077095
-1 93
31782997
-1 55
512578224
-1 92
261730898
-1 9
613717634
-1 22
200736720
-1 65
150814132
-1 94
808388123
-1 61
688697459
-1 25
744620467
-1 84
535155844
-1 26
206150436
-1 61
506347268
-1 57
989516307
-1 57
380478501
-1 73
566698437
-1 51
373989200
-1 33
65861851
-1 26
324814405
-1 55
870354071
-1 21
141344628
-1 89
362079875
-1 39
224348602
-1 1
240426512
-1 71
805136590
-1 5
871713315
-1 73
113004215
-1 61
650800517
