100
29 23 112 164 9
31 14 56
31 9 56
9 19 49
31 16 77
14 48 68
19 49 83
31 5 46
5 21 22
19 42 3
21 11 6
49 10 22
9 36 47
14 12 79
21 20 3
12 22 64
31 13 64
14 3 18
3 52 75
13 18 8
11 33 70
48 39 64
5 41 46
13 43 35
49 51 80
10 32 59
20 27 95
5 29 67
13 50 49
14 46 85
41 15 56
3 8 11
43 44 20
52 34 43
10 26 98
46 40 97
11 24 76
40 2 22
44 30 73
9 1 43
19 17 45
12 45 40
51 25 33
17 35 32
36 47 56
29 38 87
30 6 20
44 23 34
11 7 77
16 4 85
32 28 29
16 37 44
35 7 18
19 4 23
33 46 15
24 47 73
12 35 28
40 52 90
51 15 76
14 7 3
9 51 32
51 35 44
22 1 69
6 52 38
50 20 98
13 37 41
37 36 4
51 43 86
1 7 58
41 32 67
45 29 7
44 12 95
23 7 3
20 17 5
35 13 28
17 44 44
8 5 88
23 40 26
38 21 92
11 10 99
52 32 45
12 4 47
47 28 53
40 20 32
43 41 76
15 48 15
15 12 22
50 21 6
35 46 45
42 1 18
9 48 68
36 6 14
10 28 46
14 49 13
51 3 57
46 47 31
52 49 74
27 8 42
8 36 1
52 48 11
37 28 17
6 3 17
33 30 100
27 37 94
18 7 50
29 12 27
24 1 31
12 23 28
37 12 95
1 45 28
22 10 79
19 8 74
33 34 82
27 4 117 98 4
5 16 52
5 7 99
5 22 38
7 14 95
14 17 90
17 31 61
31 30 4
16 11 88
11 3 30
14 4 34
4 26 96
31 2 9
3 8 45
26 21 74
4 19 25
4 24 85
8 29 8
19 23 47
22 6 70
2 18 54
7 28 81
3 20 50
7 15 71
24 25 51
5 12 93
16 10 85
26 13 46
24 27 9
5 9 14
26 1 73
20 1 57
2 6 44
17 4 14
15 25 77
26 23 26
15 1 14
9 8 7
20 23 95
24 1 83
17 28 73
28 2 90
1 12 58
6 27 18
13 25 42
18 28 56
23 14 62
4 20 8
1 28 62
18 17 1
30 4 79
2 5 8
6 14 79
26 15 40
31 21 33
12 23 46
7 11 5
16 13 18
20 16 18
13 2 49
11 4 8
7 4 40
7 27 96
10 31 90
10 4 93
27 9 43
21 27 15
31 6 7
26 24 51
12 20 21
8 15 11
18 12 89
24 6 93
23 9 81
2 20 66
11 25 56
29 12 78
12 9 67
2 3 86
30 16 1
5 8 86
9 7 83
17 23 20
25 22 42
17 19 34
13 1 93
28 29 85
13 3 50
25 6 100
21 25 73
9 25 16
10 8 48
18 21 41
15 27 27
21 13 52
7 26 36
9 15 87
15 31 40
19 7 22
10 1 77
4 27 36
30 2 17
12 3 75
3 31 26
26 19 62
11 22 99
9 30 87
7 17 99
14 27 26
22 30 21
9 19 53
25 4 66
8 14 49
28 31 61
7 13 63
5 19 77
16 15 97
1 17 1
7 42 106 200 6
41 49 52
41 10 63
49 25 16
41 1 68
49 22 77
25 12 9
41 17 92
49 8 84
41 18 16
17 46 38
18 29 59
49 16 5
16 36 75
12 14 65
41 35 31
18 43 20
12 3 84
18 26 86
46 48 79
1 45 87
49 24 32
14 20 73
14 6 48
48 5 87
16 2 87
36 47 36
47 42 81
35 21 34
35 39 26
17 31 15
39 15 87
2 11 90
41 27 72
43 34 24
39 4 31
18 23 56
31 44 56
43 38 89
12 40 88
12 28 18
11 9 2
1 37 20
8 33 44
8 32 89
2 30 2
47 7 77
1 13 93
3 19 13
2 6 36
41 38 97
7 8 52
35 34 6
23 1 23
34 25 27
28 30 22
20 18 43
36 35 71
39 11 88
8 47 31
7 41 56
46 42 96
30 47 76
22 9 82
8 18 42
1 26 84
26 5 65
27 39 53
24 34 33
13 24 76
25 21 83
31 28 10
23 9 43
22 7 1
3 22 38
43 14 48
33 44 100
38 24 70
14 37 31
7 30 70
11 19 64
21 34 6
2 7 22
20 49 72
11 45 64
10 8 90
40 45 81
43 3 77
14 1 5
46 16 60
14 19 46
19 15 93
33 36 82
2 4 98
12 13 31
21 26 74
44 21 85
41 25 79
1 2 62
9 34 7
36 6 25
17 23 59
38 21 8
48 17 63
3 27 21
9 18 83
45 10 16
30 14 130 152 6
19 3 74
19 42 94
3 17 90
17 12 18
42 1 75
42 41 65
19 32 15
41 29 94
42 38 56
19 25 46
38 2 82
29 18 30
25 6 59
3 35 91
2 43 63
6 34 47
34 23 1
38 28 47
2 27 71
12 22 71
38 4 75
12 5 71
25 8 13
32 11 66
23 13 8
29 9 71
19 33 88
43 26 14
3 15 66
41 21 51
21 30 38
19 40 16
2 24 40
33 20 31
25 44 30
40 7 7
9 10 35
15 36 96
4 14 45
22 37 19
4 31 24
17 16 46
44 39 93
39 5 58
9 16 38
20 22 5
41 38 70
18 26 100
21 26 55
30 2 51
18 36 63
38 23 94
5 8 52
14 39 67
34 13 71
7 44 64
41 31 88
34 15 69
17 39 68
31 15 12
13 18 60
44 15 53
6 15 57
4 15 45
6 22 8
14 36 48
19 39 12
19 43 87
15 14 24
23 41 37
17 21 72
29 25 17
19 4 26
12 16 98
18 30 8
32 33 20
28 33 51
18 33 50
39 24 61
44 41 79
6 7 56
13 30 41
16 32 55
19 35 92
33 31 11
26 15 22
10 5 1
27 16 68
13 11 7
36 23 63
37 11 55
36 30 10
21 27 20
21 14 65
7 16 5
4 27 45
22 29 78
28 34 2
27 7 55
18 41 25
43 12 24
26 39 84
30 1 35
32 2 34
33 12 49
29 3 38
13 4 78
36 34 86
29 44 1
23 8 29
31 44 12
34 25 56
5 1 19
24 7 50
6 4 86
43 1 18
7 36 79
26 22 42
27 23 58
28 31 51
38 21 97
22 38 61
3 23 35
10 30 61
35 38 34
37 20 69
6 1 91
16 24 29
18 15 66
28 17 84
32 43 103 166 9
59 44 90
44 61 76
61 50 5
50 17 67
44 57 11
57 72 73
50 68 65
59 9 31
17 43 90
57 12 59
50 41 11
43 16 73
59 4 49
41 38 98
41 51 66
57 37 31
38 22 51
4 33 90
16 69 5
51 52 30
68 1 23
41 19 23
22 28 91
59 48 67
72 7 41
59 74 90
52 11 86
43 45 6
61 40 11
61 31 18
44 71 52
71 18 36
18 10 5
37 60 13
59 62 32
44 3 28
38 56 96
69 65 40
10 49 7
56 14 69
4 15 34
4 47 1
49 24 24
44 8 6
9 2 60
74 39 62
4 26 75
9 34 69
49 58 73
31 32 92
38 20 75
33 25 57
65 63 20
12 64 59
47 35 58
39 36 76
61 70 89
62 42 15
49 6 33
69 29 45
63 54 46
61 46 8
38 73 55
28 67 51
40 27 57
71 23 35
57 53 12
73 13 4
17 55 92
28 21 61
2 66 92
6 30 92
16 5 64
1 75 43
50 26 88
75 23 46
24 5 52
13 48 83
3 18 18
55 29 35
63 55 76
19 72 56
40 39 98
10 69 37
18 12 34
59 54 86
39 12 20
6 69 37
41 42 97
2 40 52
37 4 56
19 65 3
39 33 7
27 24 40
25 71 47
65 51 100
7 11 48
8 39 84
17 9 20
10 72 42
39 9 58
46 14 8
57 47 54
24 1 132 96 10
24 17 78
24 22 21
17 5 74
24 23 98
22 4 4
5 7 100
4 16 53
5 25 82
7 1 7
4 20 7
20 12 7
16 13 81
16 21 34
25 15 28
7 8 19
15 3 17
1 10 70
23 19 21
19 18 46
10 11 82
25 14 55
8 6 8
7 2 45
25 9 97
4 24 3
15 6 86
24 5 20
18 10 14
10 20 35
21 24 82
16 11 63
13 2 44
14 16 40
10 6 90
11 23 65
14 18 79
9 11 96
12 4 27
17 25 8
17 18 73
20 8 44
16 23 64
13 14 34
18 4 54
3 23 97
9 18 8
16 6 11
13 23 72
3 24 44
17 8 40
12 6 3
2 19 88
15 10 14
6 19 61
1 24 67
4 15 43
9 4 35
8 1 32
18 11 27
7 19 84
13 22 74
21 10 17
22 7 76
8 4 53
7 3 67
24 6 75
20 2 9
3 21 29
11 1 24
5 8 78
22 23 96
17 1 79
17 21 86
4 5 3
9 13 100
7 6 13
12 3 22
21 12 67
18 21 21
15 20 92
8 18 22
18 25 8
9 21 62
2 24 13
2 8 37
7 15 49
10 4 22
5 19 12
23 4 95
9 2 86
23 7 98
7 24 3
7 21 39
15 21 56
16 1 62
1 22 23
25 24 60
9 8 18
3 6 93
19 4 85
7 13 68
18 24 32
19 3 78
13 4 61
8 22 21
7 17 100
19 13 6
12 22 78
22 16 99
10 2 55
23 18 58
18 7 63
20 6 35
15 18 14
12 7 24
11 20 66
13 8 74
9 5 85
24 19 34
9 14 19
9 19 20
24 8 73
16 10 72
21 11 96
25 7 41
8 15 90
20 25 80
18 2 43
13 15 45
9 15 56
6 22 37
13 20 71
29 30 94 13 4
3 51 67
3 44 22
3 12 85
51 37 21
44 38 66
51 39 15
51 33 7
51 54 65
37 28 14
28 46 64
37 10 65
3 21 96
44 34 16
28 48 19
12 59 74
38 11 26
51 53 76
51 9 6
51 35 85
53 58 19
28 56 67
59 30 80
44 2 7
33 45 50
35 4 25
54 15 75
9 41 17
28 26 89
51 31 51
26 49 97
39 19 64
48 17 68
21 13 22
46 20 99
4 50 2
56 5 56
51 1 3
20 8 44
3 22 30
17 29 80
10 52 5
12 47 46
56 16 76
56 18 57
50 25 93
13 42 54
45 36 28
11 27 47
3 43 45
25 23 54
45 55 15
18 7 17
58 24 47
56 6 29
33 57 53
33 32 85
44 14 14
57 40 82
28 53 91
29 47 96
47 48 23
36 39 23
22 26 28
44 48 41
10 18 39
57 32 32
46 18 97
2 4 85
47 20 51
5 59 21
57 14 12
11 25 46
57 31 30
38 50 29
26 42 88
31 5 99
9 45 71
16 19 76
30 32 71
1 28 13
29 50 25
49 34 63
51 45 76
5 43 82
26 37 26
38 6 88
31 18 100
44 25 97
40 48 40
21 4 90
36 34 16
38 22 42
46 29 58
45 30 50
11 40 114 82 3
42 41 15
41 40 85
41 23 78
41 30 58
23 20 51
20 37 25
20 11 21
40 38 8
23 15 69
41 7 74
41 39 47
39 16 27
40 32 69
39 47 33
32 9 69
23 4 13
11 48 90
20 10 52
47 6 91
42 18 14
15 35 38
10 2 4
18 31 61
10 21 50
30 50 34
23 19 46
48 8 35
6 1 79
16 12 66
31 43 31
9 45 59
37 24 73
35 33 40
48 13 19
24 28 89
28 5 75
20 36 22
9 44 88
47 26 40
36 25 64
38 17 13
44 22 57
42 34 32
9 51 54
44 14 3
14 27 87
51 29 79
43 49 13
32 46 86
24 3 52
34 33 27
19 34 56
32 19 48
49 26 25
26 38 33
43 12 20
5 22 74
27 51 87
19 26 51
25 5 85
31 28 50
9 50 89
31 25 57
45 39 48
37 3 90
25 11 65
28 50 3
28 44 5
21 49 89
35 24 90
7 45 31
42 3 92
30 2 42
4 1 91
24 13 20
32 16 33
16 43 12
3 50 23
29 50 48
35 6 64
28 30 29
16 30 9
41 38 75
17 46 60
33 30 87
9 48 31
20 12 76
45 40 78
30 21 19
49 8 50
41 28 63
20 48 68
32 35 65
16 40 5
17 22 65
38 34 57
39 31 64
26 30 42
16 15 19
32 31 7
2 33 58
37 32 68
26 42 86
7 36 63
25 1 79
13 7 24
13 35 97
32 13 47
29 27 68
20 28 88
51 7 95
23 48 84
26 43 27
17 25 26
3 35 112 189 7
2 4 46
2 16 87
4 31 63
2 12 84
12 34 41
2 7 43
2 18 83
34 10 85
16 9 74
4 21 4
7 32 100
9 30 90
30 26 91
2 13 32
32 29 85
32 19 100
19 25 53
32 3 83
16 8 78
3 15 91
21 33 57
7 6 93
26 1 90
33 36 32
30 28 49
7 24 42
6 14 53
3 22 39
1 37 42
37 38 69
14 35 34
35 23 7
36 11 58
36 20 4
13 27 59
4 5 5
38 17 30
21 5 19
37 29 34
11 7 75
27 34 57
25 1 50
30 31 27
27 20 33
22 27 74
35 6 84
26 18 3
14 13 61
34 24 50
32 31 26
23 9 53
3 23 75
33 34 65
11 5 26
38 16 93
38 28 98
17 31 7
26 17 64
25 6 47
33 26 56
38 2 39
16 4 85
36 8 64
2 14 9
16 21 9
22 6 19
9 14 84
10 1 85
10 35 88
6 33 31
28 25 44
14 5 59
14 31 67
38 13 27
2 5 95
32 1 44
15 33 53
15 13 65
33 37 57
30 13 83
11 25 15
23 18 69
27 12 35
26 3 81
5 31 27
27 26 35
14 3 25
37 21 50
36 22 17
9 26 91
38 10 78
24 38 73
10 31 47
33 8 36
38 25 28
27 5 52
15 29 97
5 1 71
12 28 26
14 21 65
11 3 27
37 18 70
36 29 39
35 13 95
8 13 79
25 18 27
29 38 49
9 33 82
30 37 64
8 30 30
20 31 21
24 30 68
39 24 123 146 0
5 21 29
21 47 59
47 6 82
5 53 25
6 50 71
21 31 9
53 10 1
6 40 33
47 60 98
5 23 4
10 46 67
10 49 96
6 25 53
10 26 84
40 38 54
60 33 15
50 36 40
47 43 10
33 63 29
25 42 71
46 48 9
23 56 23
36 13 71
38 39 11
63 24 58
40 27 73
63 28 6
6 41 70
39 4 70
6 44 64
23 20 63
25 61 9
33 32 2
24 62 74
39 14 51
14 16 81
50 58 23
4 8 71
20 45 11
32 34 12
56 22 48
21 55 96
34 51 51
39 1 14
48 59 70
40 3 95
40 11 58
43 37 38
59 35 72
46 2 93
63 57 55
34 15 84
47 19 80
6 7 21
20 12 39
51 30 62
20 54 67
27 9 94
34 52 73
10 18 89
11 29 36
23 17 79
16 22 16
10 35 27
61 7 34
38 48 10
21 53 31
42 18 14
24 51 81
50 7 50
9 8 90
35 15 77
28 14 17
25 19 29
6 31 13
39 50 33
27 31 10
48 47 25
21 19 30
12 33 29
4 59 34
43 15 27
7 42 17
55 56 15
37 61 64
7 23 37
9 6 13
9 18 39
37 60 22
47 59 20
59 13 60
62 54 80
15 38 63
49 18 72
1 30 86
15 57 89
12 10 39
2 57 22
9 19 47
34 7 99
29 3 27
12 53 19
10 55 53
32 50 99
49 52 36
47 3 24
12 19 14
22 45 35
16 4 33
46 63 32
60 5 58
21 6 76
10 51 28
23 37 23
31 29 95
15 5 97
22 11 11
36 31 85
59 5 90
21 46 75
17 8 73
18 56 38
25 28 36
13 9 54 131 3
13 6 46
13 7 93
7 21 87
7 17 63
6 8 8
8 22 63
22 20 3
6 19 71
13 10 75
13 14 1
14 9 12
20 4 61
4 5 14
5 1 67
9 16 13
17 12 18
10 15 27
8 3 42
19 2 64
12 18 97
19 11 36
13 12 38
7 3 85
14 4 38
2 13 85
1 14 98
1 2 11
11 3 80
2 15 41
17 11 57
7 15 79
12 3 71
15 4 7
8 7 44
9 6 94
10 9 28
21 2 15
18 10 29
2 20 55
19 13 98
7 12 68
15 20 74
11 10 70
18 13 90
8 9 17
19 20 32
22 12 12
7 11 66
6 2 20
19 17 48
12 19 15
7 10 11
13 20 100
21 15 68
39 36 86 51 5
60 2 52
2 38 23
60 67 2
38 10 13
67 70 48
38 41 33
60 40 31
10 16 36
41 66 32
40 28 71
70 1 21
40 65 84
41 33 85
60 9 64
10 45 30
67 29 43
33 72 63
60 25 99
66 24 79
67 58 48
65 42 10
45 52 21
25 5 24
45 46 7
70 71 17
25 48 24
67 73 48
45 26 4
70 21 74
25 69 27
71 22 15
65 30 87
40 51 85
66 61 93
40 54 1
67 31 93
40 18 72
51 13 49
60 49 73
41 20 2
31 74 35
49 19 27
19 63 85
21 15 66
73 4 100
67 55 64
10 17 64
74 35 43
28 56 87
31 34 63
61 44 27
9 37 96
40 53 20
73 36 44
46 75 2
66 14 34
61 8 23
24 7 23
74 62 93
73 50 16
60 43 32
60 12 10
5 68 80
62 3 95
14 47 90
20 27 53
5 6 15
14 11 17
19 32 96
37 57 31
19 39 10
24 64 90
70 23 75
23 59 90
60 63 57
51 31 35
71 33 75
1 30 83
31 55 100
16 40 12
66 18 73
5 34 4
1 2 45
65 15 1
52 41 87
71 67 52
32 25 81 184 6
47 20 68
47 32 64
47 39 59
39 56 94
56 51 33
51 53 89
32 48 66
32 36 50
32 3 45
32 27 92
27 50 42
47 10 14
3 8 96
8 52 28
32 25 42
50 31 48
51 14 77
52 12 46
36 28 58
27 13 28
10 22 20
51 23 90
52 16 75
52 54 23
13 38 94
16 44 73
23 21 59
38 26 9
12 11 23
51 29 83
44 5 88
22 41 76
8 18 44
53 33 54
10 57 64
22 49 95
28 37 49
37 35 68
32 46 27
22 30 46
14 42 8
22 55 6
46 34 8
22 15 71
50 17 2
56 7 46
5 24 86
31 1 56
44 9 94
27 19 33
37 4 42
32 45 91
24 40 15
48 6 65
21 2 52
9 43 12
35 48 17
38 9 83
47 4 36
37 57 76
37 21 83
13 37 43
12 2 82
11 15 96
53 57 88
54 29 51
22 37 19
51 17 53
22 2 88
32 18 15
46 28 49
12 25 92
41 8 80
28 44 58
8 10 100
34 55 56
46 15 91
21 57 68
42 29 65
14 36 30
45 31 84
40 2 144 20 0
36 28 25
36 41 73
28 22 5
28 8 54
41 26 63
8 30 91
28 16 61
26 6 10
22 15 88
16 42 23
41 12 83
42 9 99
42 13 11
42 35 84
12 5 16
15 37 89
12 10 66
6 38 12
12 3 70
37 4 25
9 7 82
30 24 28
9 40 4
36 27 96
10 1 86
12 20 27
36 18 77
37 14 47
8 23 33
15 39 25
14 17 27
26 33 41
5 2 26
26 21 13
10 32 73
27 19 31
39 29 3
20 25 47
27 31 99
28 11 1
20 34 12
34 38 40
12 16 78
38 22 55
33 2 20
26 13 97
21 23 44
8 31 75
22 24 85
9 19 35
8 19 71
40 18 79
14 36 80
23 7 63
7 40 71
33 35 23
3 26 39
35 25 91
21 20 50
23 38 15
40 10 31
30 23 26
8 34 28
1 40 70
26 7 51
3 15 67
24 28 19
3 18 33
28 35 60
4 22 97
29 22 86
27 30 42
27 17 100
22 34 89
24 25 16
23 9 52
17 37 92
37 36 81
20 42 33
41 39 64
34 40 26
41 22 14
15 1 81
31 20 17
2 30 55
41 19 59
32 40 34
36 31 41
35 27 81
26 27 10
22 40 17
39 40 1
9 33 81
33 18 50
4 38 16
24 4 63
1 9 64
4 1 50
37 31 70
17 28 89
16 8 100
15 33 2
25 41 84
23 33 12
42 6 43
37 39 15
10 9 61
28 32 25
25 31 21
17 22 66
38 42 20
25 4 12
34 35 10
4 34 16
4 15 93
39 1 73
42 11 92
42 31 13
27 21 4
18 17 35
25 23 65
37 35 49
3 23 18
28 6 73
13 10 48
40 5 91
33 12 56
35 22 11
36 33 45
25 10 61
21 11 88
36 1 71
21 10 67
26 30 30
37 12 72
10 24 13
6 27 29
1 41 23
13 38 67
37 27 46
35 26 68
29 4 66
17 9 62
26 10 1
39 1 111 95 2
8 22 21
22 12 93
22 35 17
22 4 44
22 36 79
4 11 65
8 14 72
36 13 58
4 7 76
14 1 4
12 3 28
35 29 16
11 25 65
13 10 65
7 37 23
37 18 48
11 26 77
3 23 76
18 27 69
1 32 61
27 38 4
38 39 41
8 21 71
25 31 76
32 20 65
23 30 19
31 16 50
39 19 35
21 17 11
3 40 33
1 6 79
37 28 27
8 34 24
13 9 51
22 5 25
1 15 91
15 24 88
6 33 55
18 2 81
3 24 75
8 25 61
25 16 71
24 1 56
17 8 34
29 30 88
14 4 47
10 5 30
40 8 46
35 9 6
21 10 31
34 15 89
9 3 78
29 26 42
38 31 97
10 32 77
35 30 78
24 6 13
27 6 58
21 26 16
33 21 46
6 3 34
26 37 63
39 28 56
35 13 53
21 38 47
7 24 23
8 11 12
21 23 11
28 19 14
14 35 52
27 32 56
9 10 85
23 19 7
30 15 90
14 19 65
32 9 76
3 30 86
39 12 54
37 9 89
2 9 70
2 37 91
7 35 98
16 6 39
16 27 56
23 7 59
40 16 97
29 38 50
27 13 39
1 12 8
18 14 43
2 33 58
9 7 79
38 32 34
17 12 28
3 39 24
37 35 26
36 21 10
29 39 58
1 4 97
26 25 85
4 10 64
26 16 97
10 24 32
10 23 26
10 15 13
24 37 38
27 4 43
37 22 93
38 33 23
7 33 83
33 37 1
23 12 86 191 4
32 11 62
11 6 43
32 18 46
11 30 37
30 21 23
30 29 26
18 8 71
29 17 12
21 31 29
17 13 91
30 4 56
13 9 67
31 19 41
30 23 38
29 33 65
8 1 13
18 14 65
6 7 41
8 15 49
1 28 1
1 26 26
23 16 57
23 12 17
4 5 35
15 10 38
23 22 32
19 20 71
26 25 46
19 2 57
5 3 9
4 27 6
19 35 98
10 34 80
16 24 84
27 16 85
27 3 15
12 29 31
15 21 27
27 20 10
15 29 52
6 35 40
5 22 48
7 22 27
17 27 35
17 35 12
11 1 74
7 9 32
6 27 83
5 13 20
12 5 15
22 30 79
7 29 27
7 15 11
23 25 61
4 15 89
21 1 48
14 1 16
10 12 95
9 35 89
17 7 84
11 26 7
10 30 56
20 16 34
18 23 99
34 6 75
3 8 76
16 6 61
1 20 29
4 21 68
6 21 94
18 7 40
32 17 28
22 19 49
5 1 26
33 22 64
26 32 99
33 30 79
18 26 46
13 21 66
33 15 69
5 24 35
34 32 25
26 22 96
9 20 44
16 15 13
24 7 22
17 39 147 164 10
39 3 17
3 40 18
3 22 93
39 37 56
22 14 59
40 49 62
40 8 49
8 18 32
18 36 61
37 11 34
36 10 50
37 17 83
3 2 96
18 53 87
10 27 40
8 21 67
49 38 75
8 5 55
36 54 68
36 30 67
11 16 14
40 9 69
3 23 36
18 6 98
23 1 77
9 32 53
6 51 55
54 12 54
38 47 30
9 41 18
37 28 40
23 29 29
12 44 19
16 19 32
49 48 93
2 20 12
49 26 78
9 25 21
12 24 85
26 7 14
9 34 52
34 4 39
10 33 5
28 56 7
25 43 36
47 15 55
40 45 59
40 46 92
38 13 66
9 50 63
41 31 73
4 42 69
37 52 59
32 55 19
56 35 58
41 35 9
12 2 66
42 3 72
28 33 47
25 2 5
34 35 33
21 36 48
20 22 26
52 54 84
20 54 30
48 21 36
29 46 81
5 52 21
14 46 48
53 13 78
41 54 27
16 54 38
19 35 17
44 42 84
41 21 12
17 10 15
41 46 35
54 7 34
14 41 88
8 12 87
18 34 76
51 7 92
37 30 28
54 26 39
43 38 39
35 2 39
47 12 64
53 45 62
44 52 87
43 34 49
56 44 73
12 37 14
28 36 35
26 17 36
35 3 65
11 7 81
43 2 33
55 10 66
20 47 10
14 17 39
24 26 96
33 47 96
20 4 71
29 37 88
44 24 92
38 21 86
53 30 95
32 21 65
25 38 24
47 29 1
3 49 96
26 29 18
55 16 5
37 33 18
36 42 76
1 50 42
29 6 94
9 30 47
50 42 55
26 52 36
19 5 37
29 17 15
13 3 100
6 11 78
50 54 73
5 15 89
25 39 4
54 32 16
43 14 65
46 4 43
39 16 28
52 17 16
55 41 25
27 20 4
24 41 27
7 44 91
8 35 53
50 5 62
50 46 17
20 6 82
24 1 62
37 54 35
6 31 64
8 36 90
28 32 80
12 39 21
30 3 95
12 34 55 112 0
3 40 86
3 10 85
40 34 70
10 37 41
10 25 56
25 43 62
10 31 62
25 44 49
31 15 59
34 13 56
40 14 83
44 9 64
44 1 13
1 22 25
43 46 85
46 38 96
31 32 36
22 4 88
25 12 3
12 36 28
14 39 60
43 5 9
38 11 46
9 41 72
25 2 25
11 45 63
45 19 60
39 18 50
37 35 73
46 17 49
45 16 61
46 27 30
44 23 76
2 33 1
3 7 49
34 8 40
16 30 68
30 42 81
19 24 9
16 6 21
39 26 79
5 21 91
14 20 64
24 29 62
17 28 17
26 46 77
25 5 73
9 6 74
5 29 53
13 23 73
22 35 38
32 20 58
41 26 45
26 24 8
8 42 44
43 28 134 39 3
45 38 81
38 7 83
7 1 1
7 12 76
12 36 18
1 63 45
63 69 55
63 14 67
7 39 3
1 37 77
14 54 94
39 8 41
45 22 67
7 67 62
38 58 26
8 2 27
39 70 88
7 4 97
38 35 39
8 48 69
14 31 38
39 57 47
7 52 20
12 21 58
31 27 56
38 41 100
27 68 59
52 23 63
37 29 49
36 16 69
39 49 100
67 9 84
27 55 7
35 3 26
38 47 4
16 10 5
47 11 12
21 17 34
11 64 63
7 30 57
29 6 80
64 40 23
49 42 99
2 13 16
31 5 64
27 28 73
4 19 34
49 51 49
54 71 87
41 20 88
67 46 73
2 56 84
17 18 95
40 34 70
71 15 11
39 33 32
17 62 33
71 26 80
5 65 43
41 32 30
32 59 82
70 53 21
5 50 61
8 60 6
57 43 47
50 24 90
42 66 38
33 44 58
17 61 93
62 25 93
43 24 24
44 64 30
57 28 72
39 23 29
53 59 49
14 5 70
61 51 16
59 28 39
15 33 96
15 69 23
37 55 28
37 36 17
33 24 37
22 29 86
3 15 89
30 61 5
70 43 67
52 58 23
19 39 31
14 27 16
36 67 30
31 39 66
47 64 3
29 52 92
61 56 96
28 19 14
61 57 36
11 1 38
18 20 11
59 4 9
12 42 73
5 46 28
22 15 45
66 3 27
14 39 38
58 32 59
44 42 60
45 8 100
54 31 22
13 16 56
29 69 61
52 71 29
9 20 53
31 20 89
21 33 13
66 48 91
51 57 29
50 63 13
23 8 57
26 18 38
43 44 24
45 69 22
34 64 44
18 48 76
20 12 68
19 38 10
58 71 26
42 7 52
3 16 54
29 70 11
22 42 28
48 19 73
35 16 74
64 21 64
1 31 77 118 6
4 16 54
4 12 83
4 20 13
4 27 73
16 13 83
12 32 14
20 5 11
32 28 9
13 22 89
27 29 37
22 18 36
28 24 60
16 2 49
16 8 50
29 9 80
5 26 75
28 6 15
28 17 96
12 1 69
1 30 26
26 25 58
28 31 43
30 15 89
8 7 81
20 19 55
26 10 40
2 21 6
10 23 43
1 3 59
15 11 86
23 14 23
17 15 37
25 30 16
25 24 41
32 1 31
10 16 19
31 7 48
1 29 39
30 26 90
2 31 48
32 3 37
11 24 59
17 27 81
11 18 74
17 21 72
1 6 42
18 24 45
31 18 16
32 6 44
3 31 77
10 25 47
32 11 29
18 7 83
2 13 95
19 15 64
11 29 52
10 31 91
22 24 69
24 17 35
23 9 49
26 31 92
21 8 75
27 1 97
3 29 12
23 30 16
31 29 6
4 31 74
7 4 66
12 7 29
1 8 20
8 23 46
4 1 49
27 7 15
6 20 32
28 2 37
28 27 11
30 2 71
20 30 59 27 3
46 4 92
4 32 8
4 9 87
32 33 98
9 18 48
4 17 16
46 11 66
17 36 18
46 35 52
18 5 95
35 49 1
9 37 49
36 45 34
5 43 95
4 39 54
39 30 71
32 26 55
26 23 57
49 21 16
43 47 71
46 25 20
45 44 34
43 27 41
23 31 56
23 14 51
4 20 11
44 12 85
32 38 98
36 7 75
49 6 48
35 40 35
4 16 25
6 48 99
21 42 81
31 22 88
12 28 82
47 41 89
43 19 44
40 13 17
23 15 25
31 29 1
31 3 22
9 2 45
17 10 59
2 8 63
35 24 98
18 50 76
5 34 90
20 1 56
13 25 95
47 31 53
42 45 97
21 24 74
18 34 95
1 41 66
21 8 80
26 46 28
29 14 17
34 1 39
41 43 144 163 3
56 68 76
68 19 64
68 45 19
19 77 24
45 31 82
19 29 8
29 15 36
77 69 99
45 23 38
23 78 31
78 21 81
56 9 99
9 57 17
29 14 92
29 39 21
15 27 51
31 34 33
45 80 42
34 65 76
27 67 92
21 5 64
56 11 72
56 54 83
19 61 30
5 38 100
45 4 18
77 6 48
21 84 9
29 62 28
23 41 78
62 16 27
15 83 97
19 71 93
6 46 15
84 7 6
31 26 78
71 22 8
11 59 71
84 82 71
9 13 13
16 40 64
34 52 54
69 36 50
68 53 28
5 73 65
29 43 77
77 74 85
77 81 54
15 20 14
65 28 97
83 75 77
38 30 92
69 58 75
77 10 77
43 64 67
83 47 19
84 18 71
5 72 93
20 49 37
75 24 48
22 1 29
83 35 43
20 25 49
13 17 41
62 51 68
21 42 34
67 44 63
56 33 32
9 12 39
84 66 86
7 79 49
49 3 87
59 60 31
80 48 90
80 50 51
5 70 71
3 55 66
35 32 95
84 76 61
14 37 80
21 2 24
81 63 25
42 8 42
63 44 32
39 54 89
19 9 75
84 43 5
19 56 7
69 40 37
5 42 31
55 64 18
51 49 41
1 45 27
68 13 54
17 83 65
70 37 84
76 78 32
76 52 99
70 40 35
14 2 36
12 33 50
53 51 43
77 2 13
53 33 38
70 20 30
84 73 39
59 53 82
22 33 53
32 78 89
50 53 59
39 27 80
26 5 81
46 15 29
72 75 65
25 9 74
61 59 42
38 9 97
20 51 42
49 62 36
65 38 15
28 7 47
52 47 27
83 67 7
43 6 24
38 13 49
29 32 42
16 43 90
37 6 31
21 47 18
41 2 85
11 83 47
46 80 41
10 73 94
63 16 8
32 80 94
84 52 72
48 53 51
34 5 75
62 30 82
4 73 100
14 62 42
83 54 25
55 27 7
51 40 61
31 26 96 147 0
5 23 55
23 20 56
5 44 17
5 36 85
44 35 17
36 47 74
35 40 8
40 45 62
5 9 71
40 31 78
35 7 47
20 12 92
36 55 12
5 25 33
25 14 36
25 28 67
9 29 38
35 33 95
29 43 26
33 13 67
35 15 72
23 1 31
15 34 35
13 27 2
47 51 30
5 19 53
12 11 21
11 18 50
5 24 13
20 2 79
44 53 45
9 39 41
45 52 71
15 46 93
15 3 66
33 10 43
24 17 51
5 8 20
36 22 17
5 37 94
43 32 52
22 54 26
1 6 89
19 21 8
1 30 57
28 50 52
36 42 36
13 38 40
20 49 80
53 16 54
44 41 42
44 57 34
28 26 21
47 56 29
15 48 25
17 4 87
39 52 12
27 7 38
11 44 47
10 39 52
35 52 91
23 21 74
45 39 15
36 4 7
31 13 35
20 18 56
10 40 22
47 8 28
51 2 39
23 22 2
16 57 8
17 20 94
24 22 76
21 39 91
40 34 10
3 53 1
6 23 72
37 43 46
55 15 79
57 45 60
42 28 24
45 35 78
42 10 78
22 16 68
35 57 20
17 34 22
56 12 13
52 56 52
55 21 27
15 43 86
56 57 30
33 1 99
56 30 68
47 4 1
23 8 8
37 6 22
39 13 113 198 4
52 45 27
45 18 62
18 24 84
18 47 70
18 22 41
24 50 69
47 20 35
24 4 85
47 49 42
24 7 94
4 3 69
45 28 28
4 48 36
47 34 26
4 2 61
7 19 66
2 6 90
34 41 64
24 39 93
48 31 73
2 43 13
7 33 87
52 17 16
17 27 73
50 13 55
43 8 18
7 38 23
45 25 16
6 10 6
17 37 2
50 30 16
34 11 9
38 32 97
8 9 82
49 36 6
48 44 74
4 1 50
52 51 17
32 42 84
25 12 73
45 14 6
9 16 64
17 21 88
36 26 38
47 15 73
9 35 15
27 29 9
29 23 96
30 5 48
8 40 98
2 46 82
1 24 83
48 20 47
48 33 72
9 29 14
51 8 53
29 32 49
1 22 64
13 4 39
15 11 86
38 19 90
50 33 63
14 31 53
3 2 34
50 41 69
11 17 83
16 17 34
17 36 27
11 40 76
12 26 85
41 42 75
10 15 80
10 7 35
16 43 9
34 24 48
23 28 39
45 48 84
49 28 11
5 11 48
37 8 39
11 26 9
44 15 74
42 13 64
46 11 89
27 32 76
44 45 41
19 3 19
14 26 100
15 27 13
5 42 44
2 20 64
28 16 90
39 16 23
3 8 66
13 41 57
6 1 38
41 52 27
40 44 10
17 46 6
33 20 17
35 8 77
46 34 55
32 49 65
24 43 83
24 35 72
31 12 60
50 9 13
24 30 21
18 2 89
4 51 52
47 4 18
41 4 16
9 6 37
1 23 46 195 5
11 10 55
10 21 71
21 6 73
21 8 75
10 7 34
8 14 56
21 18 54
18 22 53
11 24 48
7 23 47
7 9 68
21 16 96
18 17 40
24 5 96
8 15 50
11 4 10
21 1 11
11 20 35
15 12 47
11 3 1
17 13 95
1 2 43
15 19 76
4 23 23
19 3 1
10 12 96
19 1 21
18 5 30
7 14 14
6 8 12
3 16 96
19 12 90
20 9 37
13 6 49
7 21 80
11 8 84
1 3 35
11 22 71
14 20 20
21 12 52
5 19 36
10 20 27
16 6 42
4 15 83
20 19 24
5 9 60
19 4 29 30 0
22 20 40
22 18 73
18 23 70
20 12 16
12 16 83
18 6 39
6 21 89
21 19 27
12 14 92
22 1 23
6 17 100
20 5 12
21 11 42
19 4 47
4 8 69
1 10 93
5 7 77
16 13 71
18 15 71
16 9 100
7 3 80
17 2 55
11 19 34
21 8 84
6 16 35
20 3 87
20 19 85
23 7 47
3 10 76
3 22 58 74 10
6 1 81
6 16 74
1 23 74
16 5 78
16 11 74
23 15 87
23 20 86
11 18 46
16 2 56
2 13 90
6 8 52
20 3 19
15 21 83
1 12 37
15 10 83
13 4 82
18 24 30
4 7 69
1 25 41
7 14 7
24 17 38
2 9 47
1 19 99
8 22 40
13 15 81
21 22 57
21 24 39
22 25 22
15 5 55
3 25 62
4 12 2
19 12 68
7 1 67
4 1 10
22 10 47
22 9 36
7 23 49
10 25 50
9 11 66
18 14 32
17 8 37
22 15 55
6 22 24
24 13 98
10 20 74
14 24 18
4 24 10
8 4 81
18 17 46
15 11 77
3 7 27
21 6 4
22 19 49
15 9 89
6 17 36
24 10 30
18 22 91
7 6 32
6 50 64 161 7
12 5 17
12 34 80
12 6 57
5 21 82
21 32 32
34 15 90
21 13 13
32 24 27
34 14 41
14 22 14
21 4 34
34 23 5
5 16 68
16 31 37
21 50 86
4 29 52
14 30 71
4 25 10
15 7 37
22 11 65
25 39 43
5 19 5
29 55 47
4 45 10
31 1 13
25 43 93
5 56 46
29 33 98
34 48 46
16 44 47
50 40 26
39 9 37
32 3 81
32 26 26
16 28 40
32 17 88
23 2 47
26 10 89
17 49 28
14 52 33
5 47 24
26 46 89
24 27 73
3 54 86
32 51 72
6 35 54
10 18 33
48 41 44
55 37 40
11 42 82
5 53 14
5 8 13
56 38 14
45 36 53
18 20 2
13 17 77
4 12 98
17 2 35
7 56 18
27 11 50
26 5 15
46 8 49
55 7 18
6 20 83
38 22 107 75 6
33 41 62
41 18 32
33 15 45
33 56 65
33 3 74
3 28 47
56 47 32
56 23 83
33 58 90
18 32 57
28 38 28
56 57 64
58 1 25
58 2 59
56 35 70
3 22 23
47 14 24
58 43 43
33 12 83
47 54 7
32 36 93
57 53 99
14 8 13
1 4 35
41 7 96
4 59 92
18 9 43
32 17 76
3 34 42
4 5 39
47 52 64
56 10 46
22 42 67
2 44 10
1 46 48
12 19 4
44 37 72
59 13 68
44 49 88
36 6 86
28 30 44
7 51 62
3 26 36
10 40 5
9 29 71
13 21 93
14 20 56
58 11 25
6 50 30
19 25 70
51 60 54
56 39 21
6 27 79
35 45 62
9 48 41
43 31 53
28 55 28
47 24 22
41 16 50
10 13 73
20 24 74
11 2 4
21 60 95
60 52 25
39 25 43
28 51 19
52 5 92
10 3 70
56 34 95
18 7 22
14 43 71
50 42 40
46 14 86
43 6 11
18 8 53
29 3 99
47 48 10
57 49 22
42 33 59
24 45 1
23 19 30
51 24 32
60 58 7
52 35 38
45 7 80
39 58 37
49 47 84
43 17 88
12 36 41
3 12 79
30 57 28
49 36 42
52 4 77
23 20 62
59 5 9
55 34 92
22 50 80
53 52 25
44 53 87
20 36 98
39 18 99
35 43 75
35 3 88
45 49 90
51 55 31
21 48 20
14 15 83
13 1 48 77 7
2 14 1
2 3 29
14 12 85
3 6 46
3 10 31
2 1 12
6 5 83
6 13 41
10 7 15
6 11 94
6 4 36
5 9 56
3 8 92
7 14 91
7 11 30
3 5 24
10 14 7
10 8 66
5 8 58
14 3 72
7 2 39
2 10 30
9 2 27
13 7 4
7 5 8
5 12 31
13 1 89
13 9 91
12 4 37
14 6 86
11 1 29
12 6 48
6 9 37
2 6 71
2 11 81
11 8 29
4 2 60
10 1 40
8 13 74
12 2 21
9 7 50
7 8 22
2 13 82
4 13 39
12 8 10
3 9 62
4 9 2
1 7 75
28 29 143 8 1
22 3 81
22 29 92
3 21 50
21 39 10
21 36 18
22 11 2
21 32 72
22 2 4
11 56 54
39 15 87
39 35 16
2 37 89
35 55 26
56 26 17
2 46 1
15 6 2
35 49 41
21 57 66
22 50 41
46 13 85
36 5 34
55 16 52
22 10 74
50 20 100
21 17 42
22 43 48
26 34 75
21 12 52
13 54 15
49 27 6
36 51 82
15 9 49
55 42 4
46 47 15
5 30 41
35 41 6
15 48 89
5 45 83
43 4 65
42 24 45
35 40 72
24 33 14
10 1 28
39 19 98
4 28 84
57 23 10
39 18 14
5 52 90
6 14 75
11 8 13
26 31 60
16 25 93
2 53 28
39 44 14
12 7 61
26 38 1
42 9 14
38 34 31
35 8 66
32 17 83
49 30 24
33 34 32
28 38 91
40 9 91
23 54 56
13 51 14
35 6 68
7 28 50
32 44 25
9 33 62
35 10 59
45 42 83
53 40 74
54 17 62
49 15 24
14 57 98
20 18 3
12 31 90
17 7 8
34 27 12
8 53 66
33 25 35
34 53 83
25 40 81
5 26 60
7 42 58
28 51 75
38 22 82
55 10 55
1 45 61
7 19 86
15 13 100
11 47 88
18 19 40
36 1 46
44 29 14
28 43 8
28 42 97
35 12 78
2 14 78
35 4 8
51 7 29
2 40 76
3 37 68
16 26 65
41 9 30
20 49 38
37 56 86
4 45 63
52 27 93
29 12 100
8 34 80
3 35 55
54 4 76
29 47 5
47 2 24
15 24 66
13 45 18
49 3 4
18 26 61
44 35 26
52 39 87
53 5 76
21 15 83
32 37 7
51 11 9
45 9 99
6 25 27
49 12 18
43 57 52
53 37 86
22 6 2
48 32 73
18 48 71
50 21 73
17 30 50
22 8 44
37 36 55
24 50 21
57 11 100
27 3 18
36 15 39
12 34 7
37 4 59 184 6
31 36 21
36 18 77
31 10 15
31 33 35
31 39 46
39 13 61
39 2 64
36 26 68
36 28 91
2 5 87
10 25 79
36 1 44
5 22 11
2 14 91
31 35 100
1 27 38
26 20 54
39 16 62
25 21 94
27 37 44
27 8 90
36 29 93
5 40 29
31 30 75
8 15 30
22 12 96
5 6 99
35 24 30
35 32 15
21 3 19
10 34 57
31 17 89
22 11 74
1 4 30
28 7 47
31 9 59
1 38 80
14 19 88
28 41 63
14 23 32
8 41 27
10 16 66
38 29 33
26 13 50
14 20 39
37 30 89
5 9 35
9 26 22
35 36 61
8 22 75
37 40 54
23 1 31
8 19 69
3 41 77
26 5 93
17 40 34
3 19 95
19 35 65
41 27 86
25 29 56 122 9
18 28 48
18 53 49
28 34 45
18 31 67
53 54 99
28 43 49
43 17 68
17 25 12
54 35 93
31 4 56
17 26 82
18 20 91
20 50 75
54 14 99
4 27 41
14 32 93
28 39 19
18 33 20
25 51 10
54 46 93
39 22 75
53 10 94
17 47 20
35 49 71
20 37 14
20 42 98
28 9 95
26 3 94
43 24 93
49 40 51
14 52 43
42 30 24
28 11 88
39 2 28
3 16 81
51 38 56
49 29 65
46 15 49
31 19 58
52 12 48
9 6 50
10 48 17
51 5 36
2 44 16
27 45 55
12 8 17
49 7 65
3 36 9
2 13 88
38 41 52
2 1 8
43 21 75
48 23 60
28 6 69
18 21 92
22 27 60
43 41 141 122 0
20 25 34
20 47 53
20 16 55
16 9 52
20 53 14
16 84 31
9 60 95
84 15 1
20 82 44
25 83 90
60 72 74
15 36 93
72 11 85
20 44 1
44 55 46
47 48 28
72 64 26
82 54 77
44 32 71
20 23 44
54 29 54
29 63 95
44 21 32
44 18 88
20 35 30
44 22 24
48 42 78
21 30 71
30 2 32
63 73 84
25 79 85
63 52 8
82 17 94
9 78 45
20 71 17
52 67 51
63 40 14
47 59 69
9 75 43
15 80 73
72 46 85
32 65 27
40 41 67
30 28 80
47 37 23
52 1 27
55 58 77
63 57 73
29 61 23
64 4 89
65 76 58
65 56 12
55 70 88
32 45 20
29 34 40
76 6 6
34 38 43
65 43 90
25 33 33
57 8 7
56 3 83
9 26 67
67 12 71
26 10 32
52 66 56
33 24 83
41 50 11
53 14 88
17 27 78
15 5 79
83 7 3
28 62 45
78 39 21
14 69 6
2 81 7
71 68 12
38 74 48
32 31 52
62 77 69
71 13 63
22 49 7
2 51 41
35 19 43
74 55 20
62 66 89
14 50 33
66 73 9
15 11 21
41 45 50
2 37 18
6 18 46
35 41 38
55 16 69
75 40 6
41 66 50
7 53 38
43 11 31
42 64 87
40 37 42
51 76 16
21 15 52
63 74 37
66 83 64
43 51 63
77 15 50
78 25 62
9 55 56
24 65 69
16 77 84
45 74 17
17 6 46
40 78 65
11 6 99
50 73 91
46 22 84
51 24 14
11 67 74
72 21 72
84 72 12
75 76 18
56 55 76
47 36 69
44 23 30
37 50 54
42 40 79
10 82 83
17 37 9
28 18 80
84 67 43
37 16 61
22 75 89
16 42 15
5 27 56
21 45 11
6 10 52
37 66 60
53 1 91
46 29 5
34 66 79
49 8 19
20 41 85
27 37 86 41 1
29 42 9
42 18 64
18 5 98
5 63 42
63 17 1
17 52 25
29 6 58
29 53 25
18 41 74
18 55 29
42 61 53
17 54 16
53 36 3
5 64 14
55 7 91
7 30 3
41 27 36
18 58 66
58 13 90
52 59 57
13 50 35
58 44 42
17 51 14
36 60 73
61 28 68
53 37 46
58 39 94
29 12 31
64 35 44
17 4 24
6 14 16
44 56 85
58 49 97
17 46 35
17 47 9
4 33 28
13 20 76
59 23 86
20 16 87
27 11 75
7 1 11
28 25 78
6 32 36
47 24 4
29 38 55
51 10 17
7 21 58
35 15 72
38 62 55
6 19 91
64 26 1
50 48 9
53 45 39
11 2 16
35 31 4
20 57 30
35 34 65
52 8 22
18 3 66
60 9 82
19 22 4
48 40 42
61 43 56
35 28 10
12 55 77
36 55 85
6 45 31
7 11 35
22 50 100
16 45 21
62 33 98
36 52 1
64 56 14
16 51 31
19 33 91
9 48 21
19 17 88
37 3 84
15 34 61
20 41 44
55 49 45
30 55 18
15 39 33
6 56 64
32 18 18
56 42 95
32 50 116 173 5
59 36 92
36 51 61
36 63 47
36 35 100
51 19 83
19 14 34
36 46 98
19 66 47
51 45 46
19 75 88
66 72 5
46 5 10
14 38 6
46 74 47
66 69 41
51 80 65
72 20 68
74 62 100
63 64 22
75 12 87
63 25 8
38 67 97
80 13 69
51 55 46
38 77 31
62 60 38
20 70 37
72 56 40
72 61 51
70 44 99
5 23 73
75 9 75
59 2 91
61 79 54
63 39 77
69 54 67
5 11 63
80 7 41
38 48 62
20 15 49
13 58 71
20 8 30
15 52 37
5 50 52
35 73 59
72 78 82
9 26 64
72 53 70
36 71 34
67 4 69
26 47 14
75 1 45
74 37 53
11 68 11
56 24 75
44 29 57
63 3 48
26 10 55
78 28 7
11 82 24
62 6 59
74 27 95
45 42 13
69 16 79
44 49 39
9 57 7
35 30 33
68 33 84
45 41 40
42 18 51
41 31 4
52 17 63
74 81 45
61 65 87
1 32 27
20 43 67
24 34 67
10 22 59
33 21 29
45 76 28
14 40 36
21 77 21
66 20 10
42 36 60
15 24 71
63 19 16
37 55 70
61 47 89
30 4 53
58 29 81
17 34 51
69 13 25
79 58 81
39 78 83
66 77 39
34 2 99
4 19 50
17 54 38
52 13 85
21 16 72
76 68 47
76 31 94
35 13 50
43 6 18
77 41 56
82 19 61
30 78 35
25 28 50
50 58 17
60 40 64
59 79 14
81 69 88
69 7 95
43 60 83
49 48 14
31 10 43
45 34 79 18 8
40 62 39
62 25 4
40 60 66
62 61 39
25 32 51
32 74 93
32 18 99
32 38 32
40 59 34
38 22 93
74 75 21
59 64 33
59 68 6
59 57 38
64 36 47
40 10 84
60 15 51
22 47 75
36 17 40
68 44 77
60 55 77
60 3 97
36 26 23
36 33 26
38 29 11
68 23 62
23 31 39
15 34 76
31 28 41
36 6 2
26 69 78
34 76 77
33 58 75
74 53 48
60 49 16
17 30 4
33 50 45
10 19 70
64 41 84
74 66 80
74 13 16
19 67 28
55 1 39
75 35 51
40 56 69
31 39 70
38 48 40
62 37 30
36 65 49
34 72 79
67 73 4
74 79 60
62 7 87
23 51 20
28 16 28
72 2 16
34 21 43
47 9 1
58 8 98
22 5 64
57 70 6
39 54 16
8 12 79
38 46 10
12 27 25
72 45 94
72 4 23
79 43 28
75 52 38
9 42 30
64 77 49
35 11 11
6 78 40
28 20 76
30 63 66
72 14 7
21 71 24
16 24 68
76 59 78
32 44 120 118 8
59 53 19
59 6 64
59 24 23
59 26 20
53 52 62
24 9 71
26 36 43
36 40 95
9 29 28
52 8 100
59 1 61
1 19 3
19 22 76
9 34 12
1 58 32
59 41 74
29 71 4
59 75 7
19 14 42
71 63 24
59 16 51
24 13 74
14 68 86
58 21 51
19 11 46
75 32 45
13 66 94
58 27 90
1 60 36
63 33 17
63 25 70
29 12 72
24 50 31
25 5 50
22 64 55
16 65 78
33 76 19
53 73 49
13 70 23
73 35 68
76 23 49
32 56 26
32 49 60
32 38 14
65 39 67
53 51 17
64 67 24
67 3 60
29 31 65
29 17 29
3 57 35
29 44 27
40 42 61
27 61 9
42 10 25
10 30 3
44 72 40
36 45 71
9 18 46
38 55 97
18 2 14
56 46 100
29 54 52
18 62 94
36 7 21
11 4 90
33 28 80
64 48 59
63 15 42
73 37 75
49 43 47
39 47 96
13 69 9
31 20 89
30 74 50
9 40 16
2 52 4
65 59 98
27 35 71
32 39 50
71 76 42
25 9 16
11 65 45
54 68 6
68 2 12
67 46 82
48 60 3
64 15 75
24 31 45
33 75 47
54 43 40
5 75 7
55 61 4
54 75 9
8 24 20
69 52 53
4 64 55
74 38 90
3 56 26
9 32 20
75 63 79
65 28 25
33 9 49
3 60 44
28 76 94
69 63 36
3 41 22
41 32 53
20 47 53
21 39 83
2 26 21
44 32 89
20 9 80
49 54 80
26 33 92
40 35 32
30 47 5
19 68 9
32 14 61
4 26 43
27 6 54 16 9
15 18 28
15 33 44
15 22 95
18 7 57
15 24 44
18 21 85
24 11 67
24 31 58
7 28 79
7 12 11
28 19 4
7 27 20
18 2 74
31 17 66
7 29 6
29 23 2
22 25 41
31 4 3
12 14 19
12 5 43
2 16 14
21 9 11
17 1 29
1 20 1
31 32 95
1 30 97
24 26 44
22 13 29
22 6 28
30 10 98
21 3 6
33 8 17
24 28 19
6 7 29
7 25 42
11 12 33
31 30 44
23 22 40
2 15 7
20 32 86
12 28 18
30 12 48
10 5 65
17 7 95
9 30 84
2 3 44
15 7 50
19 16 5
14 8 89
22 1 71
20 8 59
8 11 96
14 4 65
8 10 31
13 37 79 82 10
39 32 23
39 21 99
32 33 9
33 38 92
39 43 27
43 18 92
38 5 10
39 8 36
18 42 37
43 37 86
18 50 24
38 27 28
33 35 38
18 29 36
5 15 3
29 44 14
50 19 77
5 23 17
29 45 59
5 30 86
42 6 31
29 49 29
30 10 93
10 48 59
43 25 34
19 16 17
21 2 5
2 36 33
30 4 42
42 47 51
18 14 19
10 26 21
23 20 80
39 13 84
26 17 96
26 46 75
25 34 49
5 12 71
14 40 19
36 24 74
15 22 72
32 41 61
22 28 38
36 31 21
43 3 64
44 7 27
5 9 39
10 1 33
50 11 36
38 15 84
14 17 62
46 17 84
18 36 12
37 38 35
30 3 63
29 26 35
4 15 58
12 9 48
16 29 15
50 30 2
48 32 89
5 40 18
30 7 72
38 18 67
23 16 52
33 41 67
27 10 60
42 12 49
33 16 96
18 34 100
3 50 39
27 30 85
17 24 93
33 7 71
18 15 63
48 30 89
13 26 29
13 28 17
37 30 22
16 50 112 29 8
62 18 19
62 13 41
13 23 27
18 25 86
23 30 70
18 15 80
23 51 14
18 21 5
25 40 7
62 9 35
21 66 89
9 19 60
23 63 27
23 22 59
13 56 66
23 14 7
18 37 78
23 5 36
62 35 61
19 50 5
66 44 18
23 46 71
21 24 85
9 20 55
5 53 77
30 28 66
24 57 20
14 3 90
5 2 15
2 65 5
9 38 87
38 27 15
62 33 11
63 4 72
27 41 74
51 42 56
62 36 63
23 17 74
15 58 4
50 60 95
66 49 22
57 55 49
15 8 88
33 7 90
44 59 37
9 47 33
38 48 10
58 32 38
24 43 1
66 11 94
18 31 89
19 39 66
49 12 27
21 26 3
43 52 71
27 1 62
1 34 8
53 29 84
24 6 99
59 64 49
7 10 72
65 16 9
32 54 80
53 61 52
11 45 59
4 20 100
30 42 3
35 32 5
25 21 1
36 41 60
51 50 54
14 22 54
59 26 35
59 42 66
61 6 46
50 61 52
1 23 75
36 35 37
59 12 21
19 37 96
65 64 7
7 41 43
65 66 2
62 66 41
6 1 31
52 64 65
29 2 92
66 25 41
16 61 90
66 29 52
30 53 36
49 61 44
11 39 10
6 5 46
43 3 97
8 41 27
51 10 85
66 9 23
51 16 43
45 24 99
46 16 48
5 45 97
30 55 99
1 35 28
34 18 89
59 7 67
29 46 70
54 37 13
64 60 63
37 36 10
33 4 7
17 66 57
5 16 43 49 5
1 9 43
9 11 21
9 8 11
11 19 81
8 13 70
9 2 44
11 14 59
1 5 89
1 21 80
14 15 45
2 10 36
14 17 35
10 4 3
21 7 42
17 16 99
17 6 33
19 12 39
6 20 5
14 18 83
19 3 59
4 6 2
7 10 70
16 5 50
21 20 67
19 13 1
11 15 20
10 20 18
13 17 10
14 7 67
3 13 51
4 13 11
8 15 81
21 6 11
2 13 85
21 9 86
18 1 41
6 3 76
5 21 42
3 10 13
20 5 8
5 18 84
9 5 44
8 17 70
49 19 94 196 4
39 27 83
27 2 48
27 11 55
27 10 54
39 62 63
11 4 73
2 13 8
13 22 89
22 26 2
4 44 24
11 15 79
15 6 35
4 35 93
39 57 47
57 5 100
2 32 23
39 43 98
57 19 10
2 45 32
2 60 4
4 54 99
26 67 86
6 9 44
2 8 20
54 29 23
6 50 25
29 51 31
13 28 5
10 46 28
44 37 85
43 18 1
2 31 8
37 64 29
10 49 50
67 52 32
6 20 10
37 12 81
15 55 87
28 14 22
43 56 24
8 24 53
27 3 49
4 58 59
32 21 9
44 1 55
31 59 12
12 42 4
3 38 53
19 53 40
11 63 96
29 40 59
53 47 4
10 34 53
11 23 66
35 7 99
20 48 69
37 66 88
2 17 37
56 41 21
12 65 84
7 25 42
14 33 83
11 68 18
63 16 29
28 61 41
12 30 31
6 36 33
31 66 37
1 63 10
54 1 31
16 52 51
26 36 19
67 23 18
42 32 35
68 63 96
57 50 26
41 48 12
40 28 38
29 62 63
58 49 91
43 14 7
32 54 20
44 13 26
50 20 25
26 13 56
52 50 11
31 13 2
65 59 77
4 22 14
56 57 33
45 16 55
24 63 95
38 1 86
29 68 8
10 21 44 97 2
15 17 66
15 6 43
6 9 57
6 10 3
10 20 26
10 30 12
15 5 31
6 21 95
10 3 52
6 25 99
10 19 83
15 29 85
17 26 42
30 24 25
10 11 43
19 27 82
3 4 76
26 18 4
15 13 79
20 14 97
24 16 80
16 1 80
30 22 98
20 31 4
17 28 88
16 2 28
22 7 94
21 23 89
26 8 71
29 12 27
26 30 60
30 14 36
31 29 14
4 26 69
31 6 48
30 15 73
26 20 61
1 6 82
9 24 71
5 22 35
26 19 3
17 2 98
26 1 25
2 5 100
15 1 65 187 10
10 5 40
5 1 42
1 4 33
5 2 13
4 14 39
2 13 45
1 7 51
4 6 19
7 11 96
2 3 31
3 12 13
4 15 28
1 16 3
2 9 45
5 8 17
12 4 54
10 9 65
10 12 57
7 10 83
14 13 96
16 3 71
8 15 67
12 16 3
12 15 19
10 16 79
8 3 56
3 5 87
5 7 21
8 2 9
4 3 2
11 14 21
13 12 1
7 6 10
11 1 37
1 15 34
7 2 33
5 12 59
3 10 31
1 2 39
3 7 21
16 4 54
14 3 82
15 10 92
15 9 46
15 5 39
9 3 83
11 16 11
10 2 25
3 11 18
12 8 17
16 8 78
11 10 21
14 12 48
12 1 88
9 11 71
9 5 44
16 2 33
15 11 61
3 13 19
13 9 24
4 2 69
13 7 44
2 6 40
8 11 12
2 15 20
40 5 61 196 7
22 31 46
22 15 77
22 11 68
31 42 95
42 38 89
15 14 88
15 30 74
11 26 41
22 33 76
11 40 2
31 39 23
14 18 100
38 23 41
42 7 35
30 32 27
30 19 10
15 28 64
23 34 53
28 25 43
34 29 63
18 6 40
6 45 75
18 2 1
7 8 86
15 43 83
30 24 84
19 16 30
7 3 78
28 17 75
23 4 5
43 20 15
17 21 77
4 44 4
34 36 62
30 41 27
20 13 81
42 37 25
42 27 83
40 5 74
30 1 5
20 10 59
44 12 12
15 35 26
18 9 59
42 25 63
26 30 29
35 44 9
41 7 87
31 36 5
9 35 87
33 32 6
21 36 15
41 22 57
18 42 61
37 25 89
41 32 49
44 13 36
10 24 40
1 8 26
38 31 31
19 15 95
45 14 110 99 6
36 10 2
10 18 33
18 41 13
41 55 24
41 29 80
36 11 80
41 26 26
36 28 59
26 6 24
55 4 29
18 31 27
26 14 11
28 23 100
23 13 50
31 22 32
36 47 45
11 45 4
47 25 68
13 37 28
4 54 52
29 43 100
13 56 27
41 34 48
29 20 32
56 15 22
6 27 80
20 2 35
10 21 67
34 59 21
2 9 41
25 49 44
36 1 40
47 12 65
36 44 15
12 35 50
43 58 2
15 3 48
55 51 25
21 42 66
22 50 70
26 7 67
13 19 90
10 8 43
26 33 88
13 46 75
46 57 19
19 30 69
46 5 69
50 17 17
1 38 29
28 53 100
3 48 66
21 24 10
59 40 94
10 32 50
9 16 17
9 39 16
10 52 21
42 50 8
17 46 40
1 16 8
24 11 92
12 2 20
6 56 2
2 4 63
39 4 90
36 24 6
6 19 64
24 48 76
40 30 64
18 54 67
2 22 86
11 5 22
52 18 23
18 9 18
11 1 9
39 1 20
14 19 52
4 58 43
52 45 73
34 55 62
19 32 42
35 47 46
51 18 99
23 41 67
34 9 57
54 1 64
55 57 30
41 28 54
9 14 15
59 43 72
35 50 73
27 17 72
18 42 85
44 41 69
21 14 56
1 41 37
42 47 90
4 1 56
21 46 15
34 22 20
50 32 14
31 38 86
45 9 22
8 15 80
59 39 13
8 3 22
31 30 11
28 43 73
57 33 67
31 40 135 32 1
39 51 80
51 48 32
51 36 86
36 21 85
48 30 9
48 54 77
54 56 43
56 25 90
25 2 14
36 59 52
59 45 80
36 42 86
36 62 36
2 67 95
25 35 37
45 9 12
51 34 87
2 11 78
48 29 31
51 31 97
45 69 45
42 65 85
31 50 92
48 57 26
21 40 50
54 53 1
2 49 4
2 17 67
45 15 8
31 44 50
25 1 1
57 37 11
31 60 56
15 70 63
31 3 1
70 16 76
2 28 35
37 26 84
3 24 87
39 66 83
24 58 41
54 23 17
28 63 73
70 55 83
57 41 96
40 46 75
44 27 45
57 22 34
31 7 76
27 19 90
70 52 58
37 13 73
54 10 77
27 20 70
24 38 20
52 68 51
41 8 38
59 32 4
70 4 53
32 5 41
48 64 22
32 14 95
70 33 3
13 43 22
65 61 28
14 6 6
68 12 27
51 18 77
1 47 37
40 71 70
53 9 72
65 57 90
50 16 43
14 33 42
18 49 37
48 35 17
17 31 44
47 51 81
5 71 58
5 9 55
30 19 4
64 39 42
53 22 89
7 40 29
16 63 84
52 40 41
39 65 75
37 49 67
37 64 87
25 4 44
32 10 59
29 60 41
12 6 45
13 52 61
57 17 15
19 48 19
37 7 100
29 62 66
58 56 49
15 14 52
23 6 47
3 21 7
64 21 21
23 5 83
71 57 35
51 57 16
59 21 90
13 53 73
34 12 29
65 68 28
35 4 37
8 20 87
68 41 82
3 9 89
71 46 62
62 56 53
31 22 44
46 1 52
23 10 8
32 6 68
46 70 26
64 26 90
3 41 23
45 48 91
8 50 92
57 4 61
51 15 19
37 54 34
46 21 95
51 19 69
12 22 58
70 69 53
25 13 28
45 49 82
61 26 8
4 38 141 36 7
19 33 2
19 22 15
19 18 70
19 17 76
22 35 29
18 5 2
33 16 96
16 36 91
35 7 85
5 42 48
5 39 6
33 38 35
42 37 95
42 4 87
35 30 17
5 23 68
7 20 30
22 28 59
28 11 43
4 6 38
20 31 14
35 26 53
18 3 39
30 41 75
19 13 82
37 25 40
19 12 35
26 8 33
37 2 75
6 15 72
18 9 5
26 24 13
3 14 25
5 1 85
3 32 57
31 27 42
32 34 13
32 29 83
39 21 37
23 40 31
6 10 78
26 7 13
40 9 93
40 6 16
27 24 7
5 22 83
5 13 2
11 18 43
17 21 88
12 17 77
9 24 46
40 41 54
6 12 11
8 13 79
41 34 67
8 6 20
35 31 14
7 11 54
1 3 30
3 39 75
6 14 29
17 37 74
36 24 82
19 23 8
34 15 38
37 26 56
14 29 87
36 9 49
9 15 91
40 12 49
24 1 91
33 8 21
14 16 9
16 4 79
19 40 89
14 7 75
8 19 74
15 36 27
25 34 60
19 1 68
27 41 4
30 34 45
6 16 24
38 18 36
25 33 43
1 14 76
2 20 92
37 35 68
13 9 6
25 15 60
38 41 49
16 20 56
4 37 45
30 38 7
4 15 49
11 26 30
15 16 43
32 31 30
1 17 40
39 8 15
4 40 26
2 35 29
3 28 60
12 9 73
30 17 81
32 42 16
33 9 43
26 30 36
41 9 87
42 24 96
16 23 54
42 20 72
8 15 33
28 37 1
26 18 28
9 42 88
6 9 33
27 10 39
21 6 80
32 8 41
17 33 12
15 2 44
17 20 6
28 38 84
41 10 85
34 36 22
34 1 40
15 19 79
23 15 75
11 8 22
22 15 97
4 19 59
36 13 18
23 8 59
7 33 86
32 19 54
31 10 32
32 12 58
38 39 80
38 19 28
29 27 64
45 44 120 43 10
46 63 93
46 78 16
63 68 55
78 7 68
78 33 70
68 40 55
46 71 57
46 38 56
71 75 95
75 65 89
65 88 87
63 49 7
49 47 45
38 67 92
88 80 50
47 20 40
46 54 28
65 25 14
40 5 26
47 81 37
49 48 85
25 53 34
65 87 92
46 6 86
49 4 72
6 35 15
87 22 84
38 34 30
34 76 43
68 70 28
71 52 79
22 56 38
67 77 22
25 17 92
68 32 36
80 43 46
35 55 71
40 69 14
71 89 23
69 60 51
47 2 25
49 85 4
68 86 37
47 58 92
47 79 7
85 12 22
54 14 86
70 64 46
12 10 62
89 16 58
25 62 69
12 45 69
86 37 85
32 8 52
76 9 33
2 13 54
47 26 70
45 11 69
22 82 94
82 24 36
24 3 30
88 18 40
22 28 20
4 31 27
32 73 75
76 23 82
33 39 43
37 83 34
63 72 32
20 36 38
45 19 91
53 21 72
86 61 52
77 29 18
58 51 3
45 41 49
69 57 14
14 15 100
5 44 73
26 50 66
56 1 65
85 27 94
75 74 97
15 30 38
10 59 15
40 42 95
12 66 70
63 84 69
2 21 38
12 60 42
7 79 56
12 3 89
18 28 54
51 88 1
57 63 49
25 42 28
76 77 22
65 76 39
80 33 48
57 29 60
17 12 55
57 34 67
16 78 73
43 32 73
4 43 73
73 9 100
22 53 73
82 62 63
29 15 63
67 59 70
58 70 49
56 11 15
20 27 87
45 76 11
65 66 83
75 8 34
43 41 58
71 24 21
67 10 83
65 79 56
28 40 97 35 4
34 58 97
34 46 41
34 22 47
46 54 99
46 52 22
34 13 24
34 28 66
52 42 44
22 14 38
22 43 88
42 10 98
13 50 13
50 12 15
54 66 65
54 53 73
34 30 31
28 5 98
30 1 35
22 65 13
50 55 18
28 59 31
53 2 72
59 41 11
66 47 51
2 61 20
58 45 90
41 20 100
58 31 22
45 39 19
52 8 1
46 38 99
45 26 11
20 67 53
46 3 43
2 17 30
38 68 3
26 23 5
58 32 8
3 16 89
39 27 14
34 44 99
5 7 77
17 63 5
8 64 64
47 33 36
20 40 17
5 18 46
7 24 33
26 19 24
47 25 67
20 60 39
58 36 64
59 11 95
60 15 58
3 51 33
15 57 95
41 56 26
43 21 33
20 29 73
20 9 57
39 35 63
16 6 46
64 48 4
21 4 62
68 49 57
33 62 31
21 37 49
39 40 96
7 19 30
24 61 76
39 15 77
26 21 85
48 6 10
43 54 14
38 25 92
17 66 75
18 67 21
56 6 45
66 27 13
41 18 7
36 44 35
47 27 20
20 7 81
32 40 46
14 68 90
64 60 64
26 30 84
3 43 25
13 15 67
6 46 46
63 67 46
15 32 91
10 49 65
31 63 50
35 11 1
24 23 13
17 58 75
13 24 40 81 4
22 15 51
22 25 60
15 36 13
22 17 25
36 7 5
36 20 26
25 8 40
17 28 84
17 12 52
7 23 86
25 24 52
8 9 22
23 11 24
25 31 54
23 30 4
17 33 12
22 18 91
22 27 86
9 5 99
15 19 73
27 37 95
36 3 52
27 29 82
24 26 97
8 1 75
7 6 29
29 14 17
12 10 21
11 2 99
29 13 42
28 21 46
9 35 60
27 4 28
9 32 43
8 34 10
23 16 33
26 28 46
10 8 31
22 7 11
29 3 13
46 25 115 163 8
45 31 54
31 59 66
59 23 43
45 39 68
45 19 63
39 8 50
39 16 5
23 11 95
16 49 21
31 2 36
16 62 85
39 32 5
19 57 96
59 25 80
62 28 53
57 30 43
32 69 51
11 64 53
8 1 93
32 60 31
60 18 21
57 22 28
8 63 95
18 70 73
69 65 85
59 41 14
64 38 57
18 51 63
63 5 27
70 61 21
38 44 24
22 9 37
5 34 71
59 6 72
70 71 13
34 52 21
32 26 85
26 37 15
9 58 74
64 27 99
18 46 99
5 36 83
58 17 81
57 21 59
64 47 92
60 54 90
70 67 93
26 24 45
58 53 18
28 50 30
50 55 69
37 4 20
31 15 50
18 68 85
49 43 72
41 7 37
57 20 98
6 29 29
63 40 16
29 14 89
41 42 69
19 35 78
38 33 7
53 13 29
50 10 90
65 3 58
55 48 60
13 56 63
42 12 14
24 66 88
35 25 24
63 31 95
44 43 79
67 33 29
24 51 35
19 43 10
50 57 20
27 3 100
31 49 14
55 67 33
71 24 27
1 33 41
36 12 13
47 8 62
3 68 32
23 60 44
5 66 65
20 58 48
40 31 82
71 23 1
17 59 1
71 51 12
10 25 26
45 63 16
25 14 44
10 46 33
13 48 42
13 69 50
65 24 23
40 38 46
42 29 78
64 57 62
9 38 25
28 23 69
39 70 6
8 27 74
59 55 76
55 14 19
40 28 73
28 14 99
6 12 81
67 2 95
71 20 83
37 51 7
33 14 78
6 9 47 129 9
14 7 64
14 5 43
14 4 58
14 1 77
4 10 75
7 11 41
11 6 25
7 12 64
6 13 28
13 3 97
10 8 46
4 2 26
3 15 30
12 9 44
3 11 72
4 12 47
7 6 56
2 8 19
12 14 59
9 6 80
6 14 7
2 1 59
8 11 89
8 3 29
3 4 35
11 15 17
6 4 17
2 11 39
10 6 97
10 14 5
13 1 89
9 2 52
4 1 40
5 13 2
5 10 18
7 9 4
5 15 84
14 2 80
6 3 60
13 8 13
5 2 74
7 2 5
9 4 93
2 3 46
11 14 62
15 8 54
10 15 65
20 37 121 177 10
36 27 8
36 44 4
36 6 4
6 23 87
23 22 12
6 55 7
6 10 36
36 17 68
23 57 11
44 2 94
6 33 77
33 56 12
17 38 17
44 49 72
56 28 11
23 20 80
49 8 82
49 50 2
17 4 74
4 24 71
6 46 60
23 54 60
10 40 6
54 16 85
28 52 72
38 32 59
36 9 45
52 7 7
55 39 5
17 12 11
8 35 15
57 53 85
9 26 25
52 29 32
16 48 78
44 13 87
55 37 83
57 45 35
22 47 25
2 15 8
10 21 100
33 3 47
38 41 40
15 51 9
41 11 83
12 30 10
16 1 13
45 43 45
2 31 84
7 19 38
32 5 35
28 14 53
52 18 22
55 25 61
54 42 9
6 34 97
50 14 43
37 6 47
12 50 30
19 18 79
15 35 75
12 2 55
5 38 89
13 54 58
54 50 18
37 57 37
43 56 25
5 29 53
39 51 23
34 33 33
57 30 47
45 51 73
16 12 21
31 30 2
34 8 26
2 5 78
41 47 63
38 10 81
1 44 90
7 30 14
43 32 16
7 57 36
29 17 33
2 18 15
22 8 43
6 21 77
3 36 75
51 16 73
29 43 71
4 57 16
39 53 33
18 5 93
57 46 62
3 43 51
32 41 67
38 37 45
4 7 86
55 28 55
54 17 85
53 51 27
51 42 19
18 4 32
45 32 82
16 39 48
22 9 20
15 42 57
1 39 11
7 25 95
27 21 28
36 20 46
41 4 77
7 20 38
1 38 73
53 37 10
50 8 53
20 3 31
23 55 66
27 12 28
27 52 31
26 16 64
18 24 15
11 45 66 50 7
2 7 51
7 8 2
2 39 99
7 25 2
2 18 64
39 38 64
38 30 36
2 29 97
29 1 16
18 34 83
29 6 11
29 54 71
8 15 37
15 9 16
39 28 77
30 33 23
8 46 35
1 42 18
30 27 17
27 56 28
28 52 69
25 11 59
15 16 95
38 5 99
54 44 72
38 23 80
44 24 21
46 51 58
39 22 13
11 35 1
7 4 60
35 37 67
5 48 50
35 55 79
37 14 56
48 32 97
24 40 49
55 31 80
33 12 13
22 45 57
48 21 63
4 3 18
7 19 89
35 47 44
32 41 100
44 13 42
32 26 70
45 20 5
2 43 45
37 53 36
51 17 40
24 36 23
28 50 42
29 49 35
51 10 36
40 23 50
37 3 19
19 33 72
24 14 14
5 53 74
16 55 18
42 54 17
31 16 91
16 12 97
22 15 33
34 16 34
16 31 147 18 7
30 8 36
8 6 18
8 34 60
34 29 6
34 40 67
30 13 29
34 2 83
34 46 37
46 7 3
7 9 44
34 4 72
40 45 89
29 32 42
7 28 89
40 26 31
45 35 5
13 14 64
35 15 96
29 33 98
8 23 5
6 19 4
34 16 42
8 17 25
19 1 61
29 43 100
2 47 31
14 12 65
26 5 84
17 22 61
28 27 19
1 20 21
13 24 12
16 11 45
43 38 10
17 31 13
28 10 9
30 25 48
10 42 1
11 37 32
24 21 3
4 36 16
26 3 6
34 44 57
1 18 38
46 39 13
43 41 64
28 46 75
42 38 86
26 32 98
24 17 13
45 23 66
10 45 78
7 17 46
5 2 77
3 23 14
26 28 21
17 40 51
25 6 77
34 19 48
47 6 28
41 37 14
25 1 32
32 22 32
23 40 89
21 45 34
38 20 92
37 4 87
36 13 1
3 15 96
18 41 86
26 25 22
21 23 27
8 32 9
22 8 83
45 19 91
4 38 72
45 47 54
34 30 13
17 19 71
44 18 8
20 35 100
24 46 8
14 5 7
36 9 13
12 17 12
43 32 52
31 29 13
25 11 3
44 7 84
15 20 83
14 22 72
11 26 82
46 4 96
29 40 49
32 45 36
8 25 39
25 29 10
43 23 44
24 35 78
27 31 85
42 6 92
24 34 58
18 2 30
5 8 66
21 14 13
9 30 63
28 11 78
31 13 96
27 38 49
15 47 84
41 19 56
34 38 44
34 39 38
33 47 78
12 23 53
25 7 66
26 17 41
21 25 60
46 19 56
24 15 36
8 15 60
6 30 40
47 10 2
40 12 80
29 28 23
19 18 55
8 42 83
36 24 9
37 33 93
24 20 73
32 44 67
14 39 88
20 2 20
2 23 42
41 26 56
9 16 29
46 5 57
37 12 72
34 6 47
35 39 13
38 10 32
4 13 82
15 42 55
14 6 54
11 31 19
38 16 79
26 22 64
11 19 40 41 6
15 22 34
22 28 45
15 26 50
15 23 6
22 11 64
11 18 10
28 10 88
10 27 35
18 2 17
28 9 54
22 6 41
9 17 67
28 4 94
10 5 38
17 3 83
28 8 44
4 24 62
22 29 76
6 21 28
4 30 34
2 25 77
30 19 15
17 13 34
8 7 79
28 16 55
10 1 14
10 20 6
26 12 53
18 14 20
29 14 54
22 21 22
22 26 50
27 11 83
25 14 11
24 10 50
2 3 4
5 12 98
13 26 50
5 8 92
20 9 82
4 9 53 183 10
10 5 80
10 4 46
5 6 35
6 8 70
10 1 68
6 3 16
6 12 64
6 2 76
4 13 3
3 7 63
1 11 9
10 9 90
11 13 27
12 7 2
3 2 34
5 13 49
13 10 18
12 9 100
3 4 15
12 13 12
2 12 74
1 7 53
9 7 6
12 1 39
13 6 87
8 2 14
12 8 50
10 3 15
9 5 99
3 8 77
11 4 29
4 6 29
12 10 43
11 8 44
10 7 10
1 5 14
13 8 53
3 5 33
2 4 62
9 13 82
8 5 48
5 11 99
6 11 70
11 10 47
7 2 26
4 5 63
1 8 45
10 6 60
6 9 93
11 7 45
6 7 48
7 4 44
12 4 28
48 11 83 106 9
55 21 39
21 10 67
21 9 51
10 31 31
9 38 10
55 17 76
10 47 93
47 26 31
10 39 54
47 30 64
55 50 59
26 49 29
55 11 77
17 25 4
47 12 75
50 52 43
30 15 9
25 20 95
38 37 20
31 58 29
17 27 85
38 43 96
27 8 19
10 2 9
27 29 76
37 5 8
5 14 56
9 57 47
57 13 86
37 23 28
8 19 89
43 6 78
58 54 79
39 1 59
6 48 48
23 32 79
8 46 42
13 18 13
14 28 4
58 3 36
57 4 44
43 56 64
27 35 82
15 44 35
56 40 12
43 53 80
52 59 33
55 42 49
30 34 32
17 16 13
46 22 46
43 45 15
50 36 68
22 41 99
11 24 100
5 7 54
35 33 81
34 51 47
36 44 33
48 22 95
31 38 79
17 24 94
5 13 58
56 30 100
47 23 19
38 32 94
51 33 48
31 47 63
40 38 92
39 40 100
55 34 68
39 55 15
54 23 23
31 27 58
44 31 91
35 39 11
26 40 11
11 7 73
51 10 64
26 22 15
49 4 82
29 40 48
24 15 91
5 37 81 27 8
2 12 55
12 20 21
12 7 48
7 18 87
18 36 3
7 21 72
2 33 29
7 35 3
21 19 92
36 41 22
36 25 85
33 38 82
38 27 45
21 40 91
27 29 12
36 4 71
21 42 69
33 24 76
38 3 87
20 11 58
7 9 32
11 23 46
18 34 44
33 22 58
38 39 77
42 15 41
33 1 35
27 8 71
27 32 40
7 14 89
25 10 7
7 17 69
38 30 51
22 13 96
8 6 11
11 31 29
12 26 38
21 28 54
3 5 26
34 37 20
18 16 95
27 30 81
25 30 59
22 31 47
32 12 58
31 37 8
9 40 48
9 35 77
20 34 3
25 19 28
21 13 82
28 17 97
32 18 35
9 24 85
34 35 46
3 17 34
10 30 21
26 33 13
24 42 41
23 42 99
25 23 52
1 15 49
13 25 70
14 23 98
38 19 57
24 18 92
39 9 29
2 18 46
10 23 46
19 37 94
13 12 85
12 22 23
34 1 61
29 18 67
24 11 47
5 41 20
16 35 99
9 19 11
36 28 54
2 21 47
11 37 93
32 32 143 157 10
24 38 51
24 55 67
55 19 14
38 35 59
19 60 84
60 20 60
35 48 34
19 16 70
38 9 22
19 40 4
60 58 67
40 43 98
60 31 88
43 52 61
24 23 26
20 33 45
58 15 75
52 62 65
15 61 28
55 29 36
35 32 87
38 50 76
31 27 39
24 13 25
58 7 100
61 22 33
58 17 99
31 8 19
13 45 65
32 46 73
38 28 38
43 39 18
32 14 80
7 64 5
62 18 57
48 6 22
43 5 35
24 30 14
33 1 45
5 37 88
6 44 17
29 59 14
46 12 50
35 3 4
14 11 16
64 49 56
6 21 45
35 42 17
37 4 54
29 53 83
61 56 61
27 54 52
31 63 53
35 36 24
44 41 54
64 25 93
25 26 83
64 51 41
45 2 43
25 10 98
11 57 25
30 34 10
36 47 77
25 36 31
22 53 40
9 49 44
7 44 60
64 29 66
30 20 40
35 45 32
51 4 28
2 59 52
15 48 73
48 27 17
26 7 95
37 45 76
15 33 62
5 1 96
12 16 74
16 2 11
26 58 89
6 53 77
12 50 74
55 20 49
8 49 74
26 42 62
9 2 59
42 39 40
26 1 16
54 32 68
47 48 34
53 56 58
16 17 49
52 29 79
10 29 35
3 52 4
1 21 81
16 64 30
21 26 15
35 10 27
58 16 47
47 31 5
22 36 5
21 40 67
19 39 11
34 55 54
56 44 88
13 4 13
36 14 6
16 5 66
22 4 11
46 42 65
59 40 15
35 26 47
22 57 62
8 52 33
20 23 36
41 53 68
13 23 18
34 37 42
21 9 17
28 41 47
44 17 30
18 9 30
39 27 93
49 26 37
34 7 39
42 3 91
47 27 43
1 25 37
42 14 64
16 59 87
32 29 84
30 41 80
62 27 37
17 60 78
44 19 54
21 54 97
52 56 57
59 17 62
36 58 84
39 56 100
54 63 49
18 48 84 27 2
60 53 100
53 62 76
62 23 37
23 4 26
60 27 58
23 57 80
53 20 90
20 3 2
62 8 69
62 22 31
20 33 45
8 44 97
33 11 61
22 38 4
4 28 85
44 43 74
11 58 16
33 37 94
22 6 97
37 48 9
57 36 87
4 50 36
37 18 44
48 10 5
33 61 49
44 40 23
23 59 37
22 14 90
10 29 95
10 12 66
58 17 89
12 41 67
3 66 88
8 21 8
22 34 30
18 39 42
34 16 8
38 32 47
3 49 65
62 64 15
59 24 90
32 65 58
38 55 7
6 46 78
37 13 96
22 56 36
58 45 82
24 52 88
38 30 13
56 35 57
46 47 15
13 25 14
4 7 74
35 5 25
21 42 63
18 63 2
25 15 28
58 19 33
24 51 63
12 54 40
4 1 53
37 31 42
59 2 29
13 26 7
62 9 28
33 57 12
56 25 40
35 7 79
26 52 59
60 8 93
64 66 32
30 36 58
4 52 86
37 61 79
10 53 17
17 22 69
28 61 33
62 7 64
30 59 46
19 49 12
10 51 89
13 54 70
59 40 36
47 53 9
6 17 78 47 3
20 7 28
7 11 6
20 6 100
6 8 56
11 21 100
7 19 36
7 2 25
11 15 82
11 14 32
8 1 2
2 16 2
19 23 39
8 12 91
8 17 92
21 9 99
21 4 46
8 10 57
4 22 62
20 18 54
4 13 36
23 3 16
8 5 39
22 16 72
19 12 46
6 3 99
9 22 70
21 13 62
4 11 87
1 15 96
14 5 3
10 13 38
2 23 61
23 15 94
18 6 10
10 11 85
8 16 64
20 3 29
14 10 19
11 9 23
5 22 94
11 12 89
7 18 10
10 4 76
18 8 93
9 8 88
12 5 47
20 15 67
22 13 45
1 6 84
2 3 21
10 6 60
5 6 82
1 11 6
11 20 46
1 7 65
1 14 83
21 20 27
14 8 62
4 14 86
18 4 19
1 16 31
17 23 16
4 23 61
18 11 7
20 19 89
5 20 68
15 3 29
18 2 14
14 7 32
18 19 63
4 1 98
20 8 80
12 7 39
9 20 75
11 6 90
15 18 48
22 3 67
13 12 84
46 43 103 164 6
62 36 26
36 77 88
62 14 5
62 51 5
77 72 68
62 22 69
22 83 73
36 26 49
26 53 20
77 81 51
51 78 39
14 71 59
36 37 12
62 65 26
72 67 42
37 32 98
51 86 70
83 16 10
16 56 34
22 6 33
77 3 17
81 15 20
71 24 46
24 80 61
65 2 42
81 43 99
77 85 35
26 21 49
62 54 20
67 10 8
16 4 60
6 48 84
43 31 94
22 63 54
21 30 11
81 50 32
86 5 43
6 79 68
54 73 70
56 49 5
65 27 43
22 20 44
3 34 64
14 61 74
73 64 17
32 8 99
43 82 37
27 28 56
67 70 27
78 29 61
37 47 52
82 35 16
79 13 46
56 40 34
64 17 15
20 41 79
63 25 93
14 42 85
47 44 13
25 74 42
42 38 90
42 76 57
72 68 74
73 60 13
27 11 77
61 39 41
64 55 69
30 87 74
63 57 43
39 75 81
27 19 45
75 45 66
62 69 32
81 23 97
34 1 12
63 7 25
15 89 35
43 18 32
26 84 44
30 58 12
18 66 20
3 9 100
85 59 11
32 12 6
42 52 80
69 33 63
87 88 49
56 46 17
5 77 66
40 57 8
70 33 42
53 86 1
59 49 12
85 32 15
40 7 26
2 9 31
82 38 93
15 21 20
2 29 2
85 34 95
80 31 89
68 42 18
65 54 90
27 36 135 185 5
10 32 79
10 39 22
32 37 26
39 11 52
32 29 22
29 7 17
7 12 56
32 2 12
37 38 82
10 60 45
7 52 6
37 35 100
29 54 71
2 15 27
60 44 51
39 47 53
54 4 87
44 34 49
32 16 12
16 36 13
54 42 45
7 33 22
2 14 18
35 5 29
5 59 17
60 23 16
4 53 4
34 8 50
42 26 30
34 48 82
47 30 75
26 43 60
43 3 11
59 9 72
32 55 8
5 46 6
44 62 69
33 51 8
33 56 63
47 61 38
12 20 61
51 50 53
14 19 67
4 49 91
10 28 82
19 18 27
9 31 9
38 27 68
38 58 46
56 45 92
48 41 28
27 57 8
43 21 28
37 17 34
32 6 4
9 24 21
15 22 75
15 25 32
27 40 30
20 63 89
55 1 97
6 13 19
3 41 87
19 38 78
62 4 5
43 37 52
7 17 86
10 57 56
44 16 83
33 49 76
9 49 16
36 63 83
2 50 88
47 60 89
3 32 95
9 13 60
59 61 92
44 7 79
43 56 81
35 30 15
24 36 23
21 53 79
48 39 91
20 38 30
61 63 39
51 34 13
44 2 33
16 11 91
25 1 7
59 12 58
28 62 73
12 51 15
60 40 55
4 14 26
35 39 61
48 15 13
46 63 37
51 11 18
15 8 95
44 21 15
60 3 57
6 20 29
29 58 91
22 32 83
5 15 65
23 50 8
50 47 86
54 17 7
20 23 34
26 37 22
1 4 83
62 11 63
14 45 44
33 17 3
46 40 74
57 15 91
30 8 29
19 16 35
18 54 27
1 34 43
39 43 18
45 51 74
61 58 39
46 21 94
27 47 58
15 7 8
40 55 63
4 44 17
48 55 10
18 16 14
44 13 31
21 34 91
51 24 87
23 6 98
19 5 92
2 22 121 129 5
10 2 35
10 18 38
10 13 96
10 1 30
13 9 74
13 17 82
9 19 71
13 20 65
1 4 17
18 6 32
17 3 79
6 11 9
13 5 1
6 8 93
3 24 30
24 15 26
11 21 82
5 12 24
6 7 64
11 14 18
14 23 78
1 16 51
20 22 46
4 8 63
11 18 38
17 23 35
8 9 27
18 7 67
4 19 19
21 1 49
3 16 96
12 1 38
14 18 10
21 3 45
24 10 79
16 9 5
3 22 9
16 17 27
17 10 9
6 16 78
4 16 50
9 17 40
24 19 29
10 12 73
15 12 52
8 24 8
21 8 68
15 11 95
16 11 55
10 3 84
2 4 33
17 19 72
3 7 32
13 7 98
6 13 93
17 4 44
21 13 44
19 3 13
2 3 58
7 11 42
18 9 100
9 10 83
4 3 81
20 10 78
13 22 52
8 3 19
8 11 90
12 9 85
1 2 28
19 22 48
7 17 72
12 3 8
10 16 79
15 2 23
21 19 76
5 2 70
12 20 30
22 4 9
6 19 56
23 24 90
20 6 61
7 8 59
20 8 35
8 16 58
14 3 67
19 7 48
17 14 57
12 24 30
14 9 90
24 2 82
23 18 30
11 9 52
24 11 15
23 10 71
23 1 34
18 8 39
13 19 85
10 15 53
17 22 52
10 22 88
11 2 51
5 3 12
4 5 13
16 22 98
16 18 2
16 20 80
21 24 64
13 15 10
17 15 48
4 12 73
21 14 34
20 9 66
1 11 24
22 7 89
9 3 88
16 19 38
24 4 62
5 15 32
6 9 34
19 8 18
3 13 99
11 14 142 22 9
2 5 95
5 12 42
2 13 12
13 1 89
13 15 18
5 10 48
12 3 51
12 7 45
7 18 5
10 17 23
7 19 86
13 16 8
12 11 71
17 14 99
1 21 30
10 23 2
18 4 46
7 25 40
16 24 78
24 22 48
23 20 19
7 9 85
2 8 41
5 6 36
9 24 58
18 17 73
1 4 68
17 23 62
18 22 8
2 16 17
11 21 50
8 16 71
10 12 7
15 6 16
21 18 89
19 1 83
15 17 2
4 20 22
5 3 36
4 3 28
18 11 67
7 23 54
23 9 53
24 11 99
15 22 82
19 3 35
16 3 80
9 8 35
17 6 82
12 15 45
1 3 35
16 4 23
4 5 53
7 13 77
22 21 65
15 14 98
22 2 28
14 12 65
20 25 4
11 10 43
23 1 35
5 7 67
10 24 73
6 16 50
13 20 2
15 5 93
4 21 94
23 8 30
9 21 24
22 6 28
21 10 32
16 18 65
23 16 43
7 4 33
13 19 70
16 25 58
9 22 34
18 23 84
21 7 42
7 20 8
17 22 15
14 2 55
3 18 17
1 25 67
6 10 71
2 3 77
21 2 48
9 17 82
25 12 20
22 25 9
10 9 91
6 23 48
5 25 52
21 6 31
4 12 21
12 2 71
10 7 91
13 23 16
20 9 23
9 5 1
10 15 73
25 19 76
6 24 66
2 6 12
25 6 15
14 25 8
21 23 55
20 19 29
5 14 90
24 2 17
8 3 96
24 18 81
19 5 91
2 4 20
3 15 10
8 10 12
14 13 61
8 6 9
17 24 69
12 24 6
1 11 56
20 5 12
9 16 38
22 7 16
25 18 79
10 3 91
16 22 40
7 17 90
8 18 92
14 1 52
17 16 19
13 6 97
19 11 8
2 7 2
10 25 44
20 21 83
4 8 42
2 10 30
4 6 39
1 6 94
3 6 64
1 15 60
47 36 91 133 8
15 46 50
15 21 66
46 44 88
15 53 87
53 4 34
44 1 47
15 25 33
15 36 79
46 68 13
25 81 75
25 79 58
15 74 9
36 55 28
79 52 41
44 66 62
1 6 82
81 50 89
1 38 99
55 80 39
6 29 52
46 47 32
79 28 77
29 3 82
28 2 92
38 14 94
55 77 40
47 75 46
15 20 45
44 41 68
1 12 70
1 51 11
38 49 92
6 26 49
46 76 27
26 13 30
4 82 62
82 58 28
41 33 30
38 31 44
74 22 55
12 18 43
14 67 93
22 57 94
82 63 65
1 37 25
31 9 43
22 78 37
14 71 86
44 56 80
55 11 76
75 35 94
49 40 74
53 54 79
20 8 81
55 5 28
77 27 15
8 24 81
1 42 9
36 39 47
2 19 39
46 61 59
27 7 59
80 65 19
51 60 83
78 62 12
18 72 58
58 16 51
44 30 77
24 64 38
33 45 6
61 34 96
19 17 86
64 59 31
27 83 53
40 73 19
75 23 1
16 69 24
74 32 75
50 43 58
56 70 43
38 48 71
71 10 25
77 45 53
39 8 14
13 54 61
14 19 88
70 55 92
80 17 35
47 23 11
31 80 4
75 43 47
32 26 98 51 5
51 22 52
22 24 54
51 11 43
24 36 68
36 55 63
24 27 66
55 40 9
22 35 44
40 7 84
55 47 68
40 52 41
27 42 68
7 9 12
55 12 85
27 1 5
55 16 23
51 10 97
51 33 88
27 45 51
12 6 45
52 39 22
35 19 54
27 58 16
55 28 44
51 3 65
12 48 100
36 56 77
48 41 36
47 44 2
39 34 12
41 5 29
55 43 62
7 18 66
12 32 67
47 13 8
56 26 80
39 4 26
45 57 10
55 14 35
43 49 44
57 20 63
43 8 60
18 15 62
27 31 32
56 30 19
28 54 69
58 50 80
39 37 76
42 46 34
15 17 13
1 23 9
6 53 21
31 25 30
47 2 79
1 21 35
18 29 18
40 38 16
29 51 29
30 5 92
58 45 12
54 39 45
23 43 78
42 54 71
12 51 91
10 53 21
46 7 64
54 41 93
11 33 16
41 55 57
7 41 96
13 35 63
32 53 23
49 27 43
1 6 49
7 44 85
47 58 42
34 24 19
37 49 24
30 23 72
1 58 31
16 10 86
47 56 70
35 18 25
6 58 70
46 16 39
35 55 83
8 13 98
9 48 27
2 9 65
2 39 98
58 44 93
48 5 62
2 14 73
14 22 85
32 17 82
14 29 20
35 27 28
48 21 59
7 23 94 161 5
8 23 83
8 15 23
15 5 14
23 3 3
3 25 48
3 6 90
23 30 79
6 13 86
15 28 45
15 26 27
13 16 91
16 10 50
13 12 85
16 2 95
15 21 66
25 19 11
21 29 72
21 14 99
16 24 71
23 9 26
9 18 26
26 17 67
24 1 42
10 11 14
10 4 75
5 7 72
28 27 71
9 20 6
16 22 1
14 18 66
18 17 18
6 1 16
19 22 17
19 3 43
4 23 98
30 11 63
12 23 54
1 10 46
14 28 46
20 23 11
24 21 28
4 28 96
3 13 12
10 25 6
30 6 56
6 8 18
3 11 90
2 5 35
9 7 5
18 19 3
18 23 39
7 2 31
11 17 51
19 7 88
12 2 77
29 9 61
25 4 53
12 10 96
2 19 18
18 11 26
3 26 1
17 7 60
9 10 30
26 14 9
25 2 81
26 27 77
22 3 11
30 4 27
29 13 94
12 9 57
20 19 16
2 17 50
2 3 60
17 21 83
20 12 58
5 22 83
1 18 10
16 20 38
3 30 70
30 9 1
17 13 56
7 22 40
16 28 84
19 23 13
1 20 81
7 24 15
16 26 24
1 8 13
24 30 34
15 9 51
29 15 2
3 16 52
29 10 27
22 27 16
48 33 103 136 3
37 45 94
37 18 53
45 77 27
77 9 36
9 11 90
77 12 54
11 69 8
11 75 52
77 33 19
45 41 19
9 78 30
11 22 58
45 34 11
45 48 77
45 38 45
38 76 43
22 40 88
76 56 27
75 80 90
34 51 91
11 10 87
33 52 22
45 15 97
37 79 84
48 57 67
80 73 27
22 21 4
78 13 36
77 68 61
15 44 47
73 26 51
13 27 46
33 7 83
21 39 53
56 43 89
73 3 54
48 74 90
41 16 21
77 47 47
77 24 100
78 29 6
57 4 61
9 53 13
43 72 26
72 20 11
43 14 81
37 1 12
68 59 52
51 55 53
11 71 69
21 17 50
33 35 15
12 36 96
77 60 76
15 23 91
4 66 11
17 2 52
14 32 56
47 81 70
27 63 88
60 46 56
55 49 45
59 19 49
43 61 12
11 67 55
15 6 41
12 42 5
32 28 94
57 50 94
32 64 98
78 58 95
23 25 32
73 8 78
23 30 61
8 65 72
69 62 30
68 54 71
32 31 46
4 70 74
50 5 19
61 58 11
12 70 18
45 24 63
67 65 99
14 42 31
64 43 22
72 15 93
80 38 72
4 71 70
55 38 79
23 79 71
60 16 68
34 70 17
69 73 62
33 51 15
20 53 96
51 79 48
63 81 24
13 51 67
68 9 32
44 63 55
3 55 48
62 49 55
10 44 104 160 0
14 25 89
14 26 57
25 22 86
26 37 64
14 20 37
26 34 80
22 31 73
34 39 26
22 11 88
26 17 100
17 8 67
25 33 56
14 3 66
37 4 35
26 48 65
26 30 26
20 19 61
25 9 30
20 27 77
20 28 39
3 5 92
25 54 51
28 42 4
42 38 85
19 40 70
48 45 61
5 21 81
21 13 30
14 29 70
20 46 6
42 10 43
9 1 91
10 47 16
47 6 49
8 41 17
45 51 4
54 12 56
25 18 75
28 16 81
18 35 2
1 43 94
45 53 90
8 49 82
45 2 72
5 50 87
45 15 89
5 24 11
54 44 31
47 23 3
46 7 70
14 36 69
13 32 31
34 52 79
20 17 11
39 27 65
18 44 7
44 14 29
10 36 15
24 48 95
39 43 78
38 32 8
14 31 77
51 32 1
11 39 36
13 46 24
18 20 79
18 29 63
36 40 50
33 44 25
48 44 31
4 22 91
12 23 22
12 52 96
30 39 55
27 32 78
31 12 59
49 12 68
9 41 92
43 24 63
16 49 89
18 14 62
51 43 95
43 35 46
16 26 28
37 54 55
32 50 9
6 36 46
40 48 3
8 26 76
19 51 89
19 30 84
43 19 24
38 37 37
54 34 47
40 25 65
5 32 62
15 4 17
28 1 92
12 46 33
30 15 68
12 5 97
31 11 67
19 18 58
51 8 41
41 49 119 48 8
75 78 29
75 62 24
75 40 88
78 23 73
23 18 62
62 36 65
40 49 19
18 33 60
49 50 55
23 21 14
36 30 58
75 51 19
78 11 80
50 34 11
62 83 53
23 53 29
33 56 33
56 54 84
33 68 89
83 14 26
53 16 24
78 66 60
83 41 83
68 28 59
11 82 26
78 26 30
83 90 16
49 19 2
50 37 79
51 58 47
75 8 81
34 3 15
36 35 82
75 70 36
28 60 6
53 72 20
26 5 2
78 47 27
14 25 51
23 77 25
41 24 60
68 79 63
28 43 57
25 44 69
34 32 28
79 55 69
56 52 45
8 74 72
8 69 86
33 84 96
26 17 19
21 67 24
52 22 98
23 80 9
23 61 87
67 42 28
47 1 91
24 76 21
76 13 5
16 2 34
2 10 8
22 9 92
83 45 37
40 20 30
74 87 74
55 27 17
32 12 44
52 38 17
66 4 42
70 64 93
45 63 9
30 31 27
3 39 61
26 46 46
24 48 92
36 65 49
31 6 32
77 7 56
17 59 8
72 73 94
27 89 14
25 15 29
82 86 2
33 29 1
12 57 21
74 71 75
33 81 64
77 88 28
31 85 52
79 23 41
70 32 33
23 14 92
56 37 77
25 9 5
84 75 2
34 66 22
59 82 3
89 54 83
42 46 87
50 59 27
18 71 12
10 4 55
7 33 31
90 3 88
25 3 89
30 80 2
34 18 21
72 71 67
80 35 53
45 46 79
58 64 42
78 30 97
17 27 20
32 87 92
9 43 16
11 56 71
60 86 9
24 89 82
86 32 88
50 5 95 21 4
8 34 17
8 54 29
54 31 23
8 16 76
16 9 2
16 2 29
31 44 92
44 43 81
8 27 85
8 4 46
27 49 77
27 47 91
9 32 12
9 48 10
43 51 22
16 35 35
34 20 63
4 19 88
44 14 20
51 39 32
2 13 64
27 3 59
43 42 44
3 21 78
16 41 63
54 55 8
49 24 8
20 50 63
32 22 31
34 36 38
21 45 100
14 33 46
4 12 90
42 28 4
32 5 1
2 46 82
5 25 98
14 6 19
27 7 82
24 23 21
5 29 75
42 30 34
13 10 29
44 17 53
41 18 20
29 53 67
16 37 17
8 38 85
17 11 46
25 15 15
17 1 74
31 26 61
42 40 87
25 52 64
10 22 36
26 44 15
46 31 95
40 36 58
39 27 24
29 41 36
21 55 33
21 11 30
2 21 91
9 4 22
28 34 52
22 13 57
14 12 43
46 7 33
12 49 65
31 4 62
22 3 68
4 15 37
5 17 6
33 35 13
12 16 39
7 28 68
46 40 37
9 3 16
15 8 18
32 31 55
8 14 25
52 20 77
16 26 70
10 35 37
2 15 55
29 21 29
55 19 97
38 1 97
38 29 14
6 51 92
35 44 53
7 2 42
21 26 93
8 23 80
29 12 59
30 22 69 9 2
26 5 23
26 16 100
26 42 73
16 36 8
42 33 80
33 20 17
16 11 70
26 9 58
5 15 20
11 49 85
15 50 11
11 45 32
36 22 33
9 6 64
22 31 73
6 3 21
3 24 51
22 4 28
50 17 75
20 38 49
3 37 43
6 44 33
22 13 78
24 39 29
13 27 17
22 23 76
20 18 33
44 30 38
30 46 73
49 51 10
23 52 19
49 7 96
3 47 54
23 28 48
46 29 61
29 19 85
17 43 17
49 32 66
38 2 6
6 40 42
51 35 12
36 14 2
11 34 79
49 8 60
23 12 43
14 25 48
35 48 55
14 41 85
28 21 17
28 10 40
30 1 32
29 9 100
12 36 93
2 14 35
25 19 55
21 27 34
9 31 85
38 21 84
11 27 79
1 27 47
6 12 76
10 22 60
52 9 57
37 15 52
47 34 6
28 47 7
21 20 67
44 14 47
13 14 82
43 13 75 177 1
24 23 37
24 32 87
32 44 75
24 29 55
32 28 91
28 22 55
23 19 4
28 1 10
22 39 43
32 6 22
19 48 25
23 54 81
6 16 33
6 18 64
32 27 33
29 11 14
44 55 16
27 52 26
28 26 100
54 53 44
18 34 70
28 46 61
46 21 32
23 41 40
21 35 94
27 2 8
39 31 11
21 50 75
39 17 90
17 12 55
32 15 7
48 5 90
6 9 20
31 4 15
6 40 100
52 20 13
50 56 60
28 7 97
17 42 95
11 38 16
29 43 2
5 14 59
48 45 14
50 33 6
19 36 23
34 13 24
11 37 79
55 49 54
56 8 81
55 51 21
50 25 78
33 30 52
30 10 6
19 47 80
51 3 36
33 15 37
14 34 100
12 40 5
24 34 16
30 39 95
8 6 44
9 13 16
13 39 1
19 49 58
21 3 10
47 27 50
26 19 48
7 42 31
29 48 87
10 27 24
37 28 13
34 49 22
12 30 61
22 50 40
36 55 99
16 27 96 5 4
39 20 92
39 8 67
39 15 84
20 9 73
8 3 53
15 40 31
3 28 57
20 34 61
15 24 74
40 27 92
39 18 77
9 17 93
20 32 48
18 21 29
18 37 98
27 42 23
3 26 41
9 36 72
42 11 50
37 33 14
34 25 63
25 1 51
8 38 69
27 19 98
11 31 99
42 13 52
39 7 13
15 5 89
40 41 77
40 35 64
13 23 68
26 12 19
32 2 27
18 22 84
26 30 37
5 4 30
28 10 44
11 43 71
40 6 46
6 16 59
18 14 8
11 29 22
25 40 10
42 36 78
9 12 45
29 18 5
22 17 40
24 41 89
23 8 32
17 18 96
25 42 54
28 35 16
32 22 21
19 7 54
3 42 14
42 31 44
5 43 63
28 23 71
24 5 26
32 40 55
41 8 51
26 21 7
20 35 12
36 15 17
23 24 66
39 31 72
43 15 17
39 27 54
7 18 22
21 19 13
41 2 86
43 33 57
14 16 71
29 2 98
31 24 20
20 26 23
28 24 78
11 10 63
22 27 27
33 39 64
29 34 36
38 43 72
1 5 75
20 5 92
1 18 37
15 29 98
38 5 12
21 43 90
6 7 33
13 39 76
18 3 40
6 39 2
39 10 3
16 7 23
39 11 73
38 6 36
38 7 104 26 0
31 42 86
31 28 56
28 29 34
31 34 29
28 11 19
29 32 78
32 15 52
29 4 2
15 37 86
34 17 86
42 26 38
42 43 41
15 19 6
19 21 79
15 22 28
19 3 33
15 41 100
42 27 62
32 5 65
17 16 43
32 24 64
22 45 30
41 20 75
28 39 85
37 8 67
32 33 17
42 40 48
41 18 32
42 13 41
42 1 78
39 44 95
42 25 33
28 38 50
11 2 79
4 7 84
16 35 48
22 30 44
16 10 15
25 6 11
27 23 29
28 36 21
30 12 85
20 9 7
7 14 25
25 38 2
9 4 64
45 8 13
43 27 78
24 2 77
6 27 5
36 37 15
42 21 43
1 11 28
35 8 43
25 21 72
23 38 96
16 9 65
31 1 64
36 21 35
21 31 49
1 37 32
15 1 43
43 15 4
14 6 22
16 2 91
4 45 26
19 37 63
11 27 96
5 4 7
33 43 49
7 41 34
40 27 66
7 18 65
35 20 99
25 3 97
41 34 7
33 44 46
15 2 76
22 14 28
7 11 24
21 38 70
23 37 34
1 35 56
4 44 63
7 15 44
45 14 38
27 26 45
39 24 32
35 19 34
18 25 14
20 36 47
4 25 3
20 8 17
3 43 20
15 33 64
35 25 53
3 9 49
23 40 80
44 28 14
27 36 64
22 20 60
43 44 72
17 3 51
2 25 93
42 5 58 107 5
39 33 64
39 4 26
39 29 7
33 32 11
32 16 53
29 15 26
16 30 4
32 22 42
16 34 10
4 40 86
33 11 41
39 25 27
33 47 30
15 19 98
47 23 35
22 3 94
15 1 25
30 5 60
3 2 13
33 46 53
40 26 26
34 20 86
30 36 98
2 41 70
34 42 52
40 9 16
9 21 95
42 14 56
40 45 93
16 13 40
9 27 82
39 24 77
46 31 52
2 38 89
39 37 57
14 12 32
24 17 22
34 35 14
34 10 97
37 28 31
22 43 94
17 7 95
28 18 91
7 8 64
38 6 8
40 44 14
15 11 42
4 37 77
27 32 85
7 13 71
11 30 36
25 19 71
23 6 17
8 4 5
30 25 28
37 33 93
43 25 34
20 9 62
37 10 117 146 3
20 10 41
10 37 84
20 8 52
20 35 95
20 30 64
37 29 32
29 25 91
8 18 71
25 27 38
25 26 78
30 39 30
35 7 70
30 16 74
7 4 50
37 44 23
27 36 30
39 15 1
20 46 57
7 40 34
37 6 63
4 13 38
39 17 56
8 34 50
13 38 44
16 28 63
18 2 29
18 32 2
2 22 11
36 19 29
13 9 74
6 3 18
37 41 17
13 47 68
39 45 70
28 24 28
24 23 49
4 5 29
15 42 96
30 21 33
21 43 68
22 1 60
2 31 91
17 14 99
43 33 39
47 12 65
13 11 81
30 45 49
32 11 74
4 44 2
10 11 18
24 13 14
37 23 53
30 37 64
32 38 29
47 1 67
8 25 79
36 3 45
36 28 78
26 13 11
26 35 44
3 31 80
11 34 100
10 3 68
28 32 78
12 29 40
1 5 82
18 41 71
25 32 33
1 42 48
39 40 47
26 14 99
42 29 18
31 7 95
6 33 34
28 27 52
1 19 30
24 15 69
19 38 42
29 40 51
28 29 83
20 17 3
43 34 91
25 33 32
47 15 36
8 14 29
21 9 2
21 42 68
42 33 58
16 4 75
16 11 70
29 17 60
16 12 43
2 36 30
19 42 59
21 47 18
47 22 67
9 16 91
43 3 67
13 5 14
45 14 6
31 23 66
4 1 11
28 34 96
12 1 94
22 42 62
25 20 48
20 41 15
21 33 92
29 46 4
32 47 70
6 32 32
34 19 26
22 45 50
24 30 63
36 23 55
14 16 17
43 38 82
43 46 105 43 1
15 89 22
89 47 64
89 1 2
89 49 44
49 73 41
15 39 1
49 55 37
55 20 93
20 24 32
24 57 85
1 30 47
55 56 94
89 40 30
55 79 55
40 8 58
30 34 97
34 14 95
8 42 79
56 74 22
89 3 67
89 69 48
49 59 71
15 85 91
59 36 52
85 17 34
1 4 2
57 19 55
47 13 62
85 16 21
19 81 59
69 28 91
85 83 8
14 77 19
69 32 33
36 87 60
28 65 6
85 64 18
69 31 43
20 26 38
17 29 86
13 41 33
79 35 2
34 86 34
57 48 74
57 71 83
77 72 83
47 45 91
77 66 62
42 9 27
72 38 53
35 23 98
17 44 45
74 52 33
34 75 79
4 50 84
85 27 44
24 25 2
49 51 54
66 67 12
72 11 92
20 33 10
1 84 70
32 60 15
50 61 14
13 37 30
16 22 31
72 58 24
39 10 93
69 70 65
56 2 30
57 12 86
11 78 15
86 63 70
85 6 26
55 21 46
14 54 26
1 46 43
84 62 12
16 5 30
61 43 3
43 68 42
15 76 85
56 18 60
64 7 25
42 82 52
45 80 72
15 88 78
14 53 29
84 19 54
64 87 23
48 32 18
64 50 79
55 72 81
28 10 65
27 71 24
65 59 100
30 60 23
78 23 60
83 56 17
10 11 20
87 1 81
89 42 6
2 89 54
9 89 44
73 81 51
28 18 130 133 8
32 23 84
23 40 44
32 7 88
23 16 18
7 5 60
40 35 9
32 12 71
32 2 16
40 25 69
2 39 33
5 10 14
32 27 64
23 4 1
5 31 78
32 41 64
31 42 19
4 17 40
41 37 9
23 6 40
37 19 53
6 28 15
31 45 24
42 3 94
37 43 72
10 46 98
35 9 8
45 33 97
39 30 58
30 11 90
31 18 64
40 44 25
37 26 3
37 13 48
3 20 96
23 1 42
6 38 86
16 29 12
2 22 41
16 14 99
26 34 19
32 15 69
41 24 58
18 8 96
33 21 66
6 36 2
22 32 27
24 20 63
7 10 49
31 19 86
1 16 46
26 19 45
34 24 92
28 39 2
18 1 69
34 29 19
11 46 13
13 28 19
29 37 65
46 9 19
22 42 14
37 24 72
5 20 94
1 17 62
8 10 83
29 5 31
6 30 72
12 41 51
45 23 17
30 9 83
41 27 1
14 46 93
28 14 80
22 43 61
11 28 21
28 27 74
1 9 95
7 1 96
26 25 31
15 45 83
30 15 76
7 30 55
1 35 16
9 10 87
3 34 36
40 42 74
38 36 23
15 19 46
14 35 24
16 15 97
5 43 57
4 28 97
32 5 30
7 44 39
37 2 53
4 39 44
11 15 14
7 41 31
7 21 79
36 21 9
17 22 14
22 41 25
8 29 4
11 44 69
29 4 69
24 36 94
29 38 41
11 24 39
10 36 5
29 22 16
45 25 35
36 11 5
45 2 73
2 41 41
16 31 34
14 12 66
3 7 4
30 8 61
19 1 28
15 13 64
20 39 20
10 6 92
8 41 22
23 37 39
17 15 27
34 20 1
1 40 56
42 13 1
28 9 97
20 42 10
42 29 17
14 38 99 138 6
20 23 27
20 10 47
10 1 26
1 37 73
23 38 32
1 22 95
38 6 60
37 18 69
10 43 93
6 51 97
6 15 36
23 25 64
38 29 37
10 36 25
29 26 23
18 47 23
29 9 48
20 31 79
1 32 96
51 52 19
37 44 15
51 8 89
8 45 38
25 12 62
22 7 86
18 21 57
44 48 92
1 3 75
10 16 94
51 35 19
3 49 4
47 30 18
38 11 13
43 41 75
9 34 99
38 40 34
16 39 10
9 13 90
52 4 31
8 5 80
8 19 13
44 14 41
29 28 11
14 27 85
40 24 17
8 17 25
5 2 47
11 42 22
51 50 89
42 46 18
40 33 94
17 21 3
6 5 2
36 21 81
35 16 21
10 44 31
31 34 87
27 5 11
46 48 4
27 44 45
44 39 35
12 14 38
5 3 33
36 39 79
28 36 90
29 8 56
42 27 59
40 26 15
25 38 18
11 39 30
17 29 60
40 15 40
25 30 96
21 43 10
47 48 45
13 12 46
35 12 75
44 31 51
9 41 65
45 28 34
21 39 89
16 44 34
40 41 34
20 43 78
13 51 76
27 41 50
36 20 52
9 30 99
11 46 78
41 50 84
46 45 93
2 20 47
16 52 27
26 44 7
7 14 25
6 23 2
41 32 64
30 40 74
44 9 63
14 29 43 190 0
39 33 92
33 6 12
6 3 49
6 1 73
1 18 74
3 26 52
39 19 30
1 11 24
1 41 51
41 24 27
6 8 15
6 23 37
19 34 90
18 36 75
36 4 62
3 21 69
24 15 83
15 14 54
39 38 67
18 5 92
6 12 95
23 30 2
30 37 51
23 13 8
39 27 34
34 7 39
12 32 28
36 40 67
23 35 55
23 43 79
43 10 56
36 42 69
3 16 83
41 20 24
34 9 99
14 2 92
24 22 9
27 17 22
6 29 70
39 31 59
14 28 66
27 25 4
10 27 22
12 28 43 114 6
12 34 90
12 14 95
12 37 76
34 8 16
12 2 90
14 13 44
2 10 66
37 31 91
10 4 94
34 28 38
34 21 4
13 5 15
5 23 90
2 38 75
34 36 14
5 15 72
8 1 35
37 18 55
34 33 19
4 27 19
12 6 12
4 25 2
15 39 46
33 30 90
36 16 93
31 40 10
14 22 38
21 35 49
31 32 98
5 24 91
36 3 95
1 7 69
33 17 31
8 26 42
16 29 93
12 9 9
36 20 22
20 19 33
33 11 53
35 25 98
18 7 46
23 4 46
14 35 21
11 7 75 15 8
3 6 72
6 18 48
6 17 71
17 8 60
3 9 78
6 15 58
18 10 41
3 13 10
10 16 93
16 5 32
17 1 85
15 14 68
1 2 11
1 4 99
17 7 61
4 11 70
7 12 56
13 1 26
8 13 75
5 2 68
3 12 8
7 1 39
7 11 70
3 16 80
5 10 43
8 12 65
2 7 34
6 9 70
10 14 88
18 14 59
4 12 49
1 5 88
13 10 57
16 11 36
12 17 30
3 7 48
17 4 11
2 4 42
10 12 2
10 1 95
18 3 99
2 3 88
12 6 33
2 12 12
16 18 12
4 18 45
2 10 80
15 7 9
13 16 73
7 18 19
14 12 4
4 5 51
16 7 40
5 12 83
12 1 20
4 7 70
14 7 18
18 8 42
6 10 59
18 9 48
5 8 37
11 13 59
13 9 28
1 16 50
8 16 94
7 10 66
16 6 48
13 14 38
8 3 48
14 17 76
18 5 97
15 3 57
3 10 4
14 2 37
7 9 85
12 38 90 60 8
4 2 53
4 8 34
2 27 16
2 5 34
2 47 93
2 42 92
42 19 83
2 23 56
5 43 20
43 37 25
27 12 33
42 40 11
12 11 18
12 26 50
8 13 75
43 21 75
19 9 78
19 10 56
27 29 29
4 45 56
11 6 42
27 15 31
8 3 25
47 38 8
45 46 10
47 1 20
2 24 34
43 31 99
27 32 88
32 36 98
29 33 94
24 7 93
40 20 32
4 25 68
43 30 41
36 41 81
10 49 22
15 39 10
31 28 100
32 22 94
1 48 53
39 50 3
23 16 94
21 44 93
37 34 4
20 14 47
48 35 62
14 18 20
37 17 91
2 39 84
20 37 18
34 7 79
35 33 48
19 38 53
12 39 43
11 7 35
9 26 25
13 37 38
41 27 30
38 16 33
30 31 17
29 34 14
4 1 63
24 46 21
13 24 32
17 29 48
26 42 15
1 36 30
32 9 69
46 18 93
47 36 30
2 14 49
32 37 52
5 15 79
7 44 94
27 31 44
43 46 60
49 48 73
29 23 41
14 23 86
2 28 15
5 30 64
20 35 67
10 44 73
14 28 76
3 7 88
21 16 79
28 20 40
33 5 98
21 4 87
4 32 146 175 1
8 6 45
8 1 59
6 24 100
24 22 25
22 16 60
6 31 46
16 30 63
6 15 96
16 34 73
8 14 94
30 2 5
16 21 47
31 13 42
14 25 25
1 20 60
13 36 18
36 23 30
36 19 98
6 26 68
13 28 22
36 4 76
13 7 86
7 9 13
36 32 66
34 33 64
21 17 52
14 5 72
13 3 23
17 27 69
30 29 30
21 35 93
25 10 83
17 12 27
36 18 7
22 11 6
34 35 81
17 25 70
11 31 95
4 6 47
6 28 44
27 20 64
29 18 43
13 19 26
30 5 58
27 4 15
19 12 96
15 5 17
20 25 4
10 3 50
23 19 71
21 18 56
17 6 71
15 28 36
20 33 27
23 18 65
25 36 75
4 26 96
11 32 59
3 5 79
17 10 72
32 1 64
31 1 2
31 21 30
35 20 22
27 33 35
10 8 94
30 4 10
13 6 81
11 23 84
32 26 47
14 4 1
3 6 56
18 31 49
30 3 94
24 3 87
17 29 48
24 35 29
26 22 30
18 26 73
32 9 11
36 12 20
18 13 85
29 22 89
6 12 35
32 16 40
21 2 71
22 20 59
27 25 75
10 6 16
13 20 36
12 2 28
6 16 25
2 31 15
8 5 54
21 24 77
10 18 35
17 31 49
16 18 18
8 13 81
10 14 34
22 3 68
19 24 4
21 26 39
10 2 97
17 30 17
20 21 17
16 11 65
14 31 80
25 31 51
30 19 11
1 24 42
34 4 18
33 8 24
8 11 52
20 11 85
21 10 91
1 19 70
36 22 72
24 9 82
5 2 24
16 36 52
14 36 27
31 28 19
23 4 78
24 11 76
15 33 9
2 15 8
23 29 94
15 16 18
23 32 1
19 18 67
26 15 37
11 19 90
3 26 86
5 17 69
1 25 28
13 16 20
25 19 70
21 7 22
29 8 40
13 34 28
17 4 66
27 1 26
28 3 46
20 28 18
9 34 16
11 44 122 36 7
17 3 2
3 49 11
49 2 64
17 43 61
49 48 45
3 20 97
49 22 18
17 33 77
2 28 99
22 19 25
22 23 16
49 42 37
28 6 99
43 50 43
49 36 77
22 13 75
3 15 17
17 1 23
2 47 17
2 29 41
33 11 13
2 16 99
47 26 38
23 12 65
6 8 15
8 46 88
11 4 24
26 55 19
28 25 57
19 14 31
43 24 32
29 38 62
17 52 93
25 18 32
33 32 19
26 30 21
32 51 61
33 40 66
13 21 46
28 39 87
22 53 19
26 7 41
43 45 49
7 31 67
31 27 72
49 5 37
16 41 5
52 44 55
19 54 86
51 34 57
41 37 61
31 35 39
11 9 96
8 10 72
52 35 10
44 15 35
42 43 56
25 15 79
29 5 81
34 38 87
8 23 24
29 16 85
43 12 58
25 3 81
22 39 90
45 31 76
41 30 10
28 46 49
7 20 77
29 37 2
24 27 64
39 6 81
37 35 37
21 25 97
8 31 41
50 8 89
34 35 38
33 51 3
50 34 87
9 13 92
45 47 70
3 18 26
53 36 39
49 55 54
41 25 14
51 47 48
17 36 72
50 19 44
36 42 93
12 19 42
34 39 59
22 55 56
13 50 89
28 15 71
50 37 93
52 7 55
32 24 7
23 39 21
26 45 6
53 10 48
21 54 16
21 49 73
6 48 32
27 50 88
41 55 32
1 44 24
27 25 86
15 22 44
48 35 94
5 21 86
53 9 87
14 9 92
32 7 37
30 44 4
37 51 11
31 50 24
48 28 96
42 47 29
37 36 66
16 52 93
29 40 66
47 49 68
46 4 62 120 8
33 30 44
33 15 82
30 45 42
33 10 62
15 47 59
47 5 5
10 50 84
47 20 28
33 26 71
30 43 35
15 16 81
47 38 47
30 42 71
47 6 74
15 12 5
26 28 75
6 25 58
26 14 69
33 27 76
43 49 9
6 44 56
50 18 51
12 31 3
25 36 71
31 34 10
6 46 49
26 41 54
5 7 60
49 29 16
10 32 27
12 1 18
7 40 20
36 13 8
41 21 79
26 19 70
18 37 72
45 2 4
38 17 68
47 35 100
2 4 32
49 24 47
13 9 55
49 8 30
47 39 24
43 11 50
44 22 65
17 3 2
1 23 99
7 48 72
22 46 41
14 6 18
4 14 37
24 46 74
10 26 72
20 9 72
31 44 95
36 28 49
11 13 50
8 28 63
44 35 9
17 40 27
20 30 19
38 37 145 163 4
49 74 15
74 52 60
52 47 54
47 29 52
74 62 63
62 67 47
52 40 48
74 45 46
40 46 1
67 20 95
74 14 59
52 9 13
47 10 78
45 50 74
46 35 4
50 34 29
40 56 60
74 38 16
46 11 36
38 36 86
36 1 82
14 39 66
38 63 53
50 69 52
62 33 60
47 19 36
52 64 44
47 60 10
33 51 53
69 18 85
69 32 6
1 22 78
22 65 5
39 58 82
51 53 11
38 13 41
22 24 3
18 61 25
51 43 21
40 54 12
43 72 73
63 25 49
10 44 99
62 21 88
18 75 45
34 31 59
58 28 90
47 73 70
72 70 81
49 55 86
20 26 22
74 41 87
72 27 36
25 12 82
26 15 90
75 37 88
26 7 45
31 2 29
33 5 98
28 17 46
74 68 92
43 23 95
60 59 43
54 71 79
23 66 67
1 48 18
46 6 93
26 30 63
72 57 66
58 4 37
35 3 90
28 16 68
68 42 64
57 8 28
34 10 73
17 67 28
6 60 71
28 6 45
23 20 62
40 55 17
24 23 82
73 67 88
63 16 7
43 7 6
41 20 73
2 7 83
14 24 77
15 40 50
48 27 89
72 66 21
62 32 33
51 7 37
10 67 45
38 75 32
56 39 91
69 7 78
27 31 87
52 19 41
25 57 56
61 9 39
28 38 4
18 40 9
10 75 72
53 50 92
10 46 42
54 20 63
41 59 17
17 25 63
42 39 76
34 23 25
49 34 7
75 26 97
17 69 82
40 35 66
36 74 60
61 71 74
35 41 90
58 16 76
65 5 26
36 68 69
13 9 19
9 57 64
10 54 1
67 28 61
40 71 81
3 49 96
19 8 36
49 54 97
13 6 30
53 55 62
27 59 56
25 27 99
21 48 23
12 16 12
23 7 65
22 18 39
4 65 6
48 20 49
1 31 16
73 75 4
13 7 9
50 43 78
67 23 48
15 58 77
24 73 39
38 46 89 197 7
31 73 77
73 17 72
17 28 71
28 57 8
17 78 46
57 39 5
39 37 28
57 55 93
73 43 45
17 63 61
57 32 33
39 18 26
31 79 60
79 9 88
73 15 47
37 23 85
23 25 83
23 80 95
37 50 16
79 52 72
32 8 79
25 74 34
50 54 57
8 34 84
17 82 82
50 45 17
8 42 38
8 75 67
63 53 58
15 76 88
80 35 57
75 24 27
23 6 29
63 83 95
15 65 27
25 4 60
39 26 46
9 38 14
73 71 22
53 41 54
39 1 45
37 46 20
38 56 64
73 51 36
65 64 92
9 2 24
8 19 95
2 77 91
54 14 27
83 49 22
54 7 3
53 5 9
19 48 26
74 58 49
42 60 76
73 70 54
78 66 75
54 47 6
80 59 59
41 11 58
42 27 64
54 20 2
37 84 88
35 62 85
75 13 28
27 3 19
6 44 87
47 81 77
3 68 53
2 40 12
66 61 82
23 22 100
13 30 90
62 72 94
54 69 50
65 10 2
17 12 89
39 29 22
41 16 46
66 36 89
63 21 64
3 67 55
49 33 86
27 7 90
22 71 70
68 73 21
72 82 77
45 3 26
34 30 90
36 41 86 64 10
55 19 67
55 33 43
55 73 49
55 57 57
19 63 75
63 75 87
63 15 2
19 59 36
57 47 28
73 1 89
75 27 11
57 43 100
27 29 48
57 76 8
1 74 5
76 21 17
57 41 89
1 53 61
63 6 99
21 44 98
75 65 82
41 49 63
41 51 37
63 8 92
74 64 25
29 26 62
75 45 53
47 25 28
25 39 4
63 52 82
74 70 2
41 23 35
70 34 61
43 72 32
1 40 64
21 13 36
33 14 16
29 28 32
34 16 51
76 48 20
64 42 6
26 11 10
14 9 94
29 32 9
75 77 77
47 3 9
52 67 40
1 7 20
55 37 90
33 71 62
1 46 35
48 35 1
29 50 50
67 5 6
16 12 10
44 61 27
7 20 57
41 10 25
73 22 77
29 60 51
49 54 75
52 30 83
70 68 2
77 24 17
52 2 57
75 4 47
7 36 79
75 56 93
39 18 83
20 66 80
25 31 74
14 62 59
19 17 46
9 69 32
3 58 69
76 38 27
63 49 9
73 67 62
37 72 70
30 21 61
35 43 5
71 56 2
3 34 75
35 42 56
31 24 40
71 13 74
5 16 27 166 5
18 15 15
15 14 73
14 9 61
9 8 4
14 1 94
8 5 41
14 17 87
9 19 20
18 3 28
18 7 65
14 20 95
17 2 78
2 4 27
7 12 54
14 16 33
4 10 64
10 11 89
20 6 85
9 21 67
17 13 26
15 1 19
16 2 62
8 21 89
16 9 73
6 18 99
4 9 18
8 1 33
16 34 133 21 8
12 49 74
12 41 76
49 40 43
49 20 59
12 44 85
49 35 32
12 50 60
49 1 58
40 38 14
20 48 84
49 46 42
46 13 24
46 11 38
46 9 93
12 22 70
40 36 67
41 19 69
11 39 70
19 18 7
1 16 51
1 15 94
11 29 85
41 6 52
29 23 8
9 30 97
39 24 93
36 14 91
14 42 53
46 32 97
22 2 12
20 31 97
35 33 12
13 4 24
19 17 32
14 7 62
11 27 26
1 28 67
15 34 60
17 5 4
24 26 34
18 37 10
7 43 95
34 47 94
43 21 31
27 10 44
35 45 12
45 8 73
48 25 9
50 3 8
32 37 69
20 23 28
36 47 87
18 13 5
6 45 66
19 15 17
9 36 48
50 48 42
3 15 66
48 10 13
6 43 29
12 45 24
34 9 36
10 17 82
48 38 6
15 14 94
4 24 53
20 18 53
41 17 65
50 25 68
33 26 48
7 5 71
6 40 7
16 5 40
31 3 45
48 42 19
27 15 2
44 6 59
37 14 11
5 37 18
33 46 100
6 1 85
42 32 11
16 28 81
15 24 62
3 6 22
29 47 60
10 45 17
30 20 10
39 36 52
32 4 84
34 7 59
27 18 32
13 35 85
30 14 58
3 42 1
48 12 50
14 25 4
27 6 21
28 47 6
29 6 91
2 46 13
18 2 44
14 34 8
44 29 86
7 33 85
27 17 95
27 4 74
38 28 11
20 38 50
14 9 25
26 50 5
29 18 26
13 9 54
7 23 61
19 38 96
49 47 34
11 18 75
30 2 86
9 49 99
50 1 56
33 32 47
32 16 98
45 32 46
3 23 79
27 22 1
13 42 81
8 44 18
49 2 85
28 37 94
29 16 40
38 9 12
50 47 43
20 37 17
42 33 141 84 1
19 75 64
19 4 34
4 32 44
19 55 75
19 21 28
4 9 73
75 72 92
72 45 64
75 43 95
21 68 94
55 34 79
4 57 63
75 35 30
32 5 67
4 53 96
45 6 2
21 36 58
45 17 21
6 25 55
9 26 37
72 14 87
17 30 76
26 44 80
4 31 80
44 13 67
25 28 22
6 70 76
31 2 71
36 50 100
6 49 69
50 15 82
21 73 57
53 59 9
35 42 39
25 46 76
9 10 97
21 65 87
21 24 96
30 11 15
53 39 39
19 20 1
73 37 77
2 51 97
17 33 80
70 22 36
59 3 47
65 54 70
49 56 7
14 63 32
3 71 44
53 23 76
44 61 26
25 58 16
6 7 80
11 64 48
43 27 62
6 18 82
54 16 23
35 48 36
58 12 78
48 74 54
75 67 91
68 1 78
12 69 4
75 60 98
55 41 21
34 38 39
18 66 86
34 47 70
55 40 35
75 52 35
34 29 17
54 62 37
43 8 98
25 3 75
31 52 50
44 74 27
75 57 40
13 34 12
60 16 9
40 22 79
15 65 48
32 62 16
5 53 59
65 57 56
59 74 5
29 57 29
43 41 7
29 64 32
70 3 28
18 17 40
55 63 38
54 50 4
64 51 66
65 9 55
38 6 44
30 35 12
58 8 68
46 52 87
16 2 14
7 45 24
21 54 28
46 67 52
32 36 35
60 52 79
43 39 19
40 67 96
5 20 42
61 58 73
41 10 31
11 38 80
66 62 19
54 59 61
16 35 21
7 61 86
13 14 60
40 36 28
5 45 56
47 74 80
74 20 46
48 30 91
47 41 88
45 23 71
12 62 78
36 34 2
28 57 91
46 53 30
17 53 53
18 59 98
17 73 88
35 44 28
62 61 50
16 71 27
61 24 80
52 56 93
34 8 33
39 34 32
73 43 26
37 35 85
19 68 78
44 19 66
3 3 13 14 1
3 2 11
2 5 57
2 6 20
2 4 86
2 1 34
3 5 20
6 5 97
1 5 41
1 6 5
4 6 89
1 3 88
6 3 87
4 1 57
39 33 123 95 6
12 68 58
12 70 91
70 50 15
68 58 100
70 46 9
70 19 48
50 7 51
12 33 58
7 59 51
19 65 100
50 29 80
7 32 61
33 23 58
68 9 20
19 15 17
33 61 30
23 69 49
58 63 59
15 31 6
69 28 32
68 35 62
7 54 11
58 64 64
31 39 64
23 6 46
19 41 50
41 2 6
6 51 80
65 17 20
28 71 56
33 4 99
69 57 62
7 52 10
9 48 14
31 62 82
28 20 80
65 1 80
7 40 56
62 49 9
71 37 57
68 8 37
1 66 30
4 22 20
61 13 9
28 72 63
71 45 78
49 53 2
31 10 12
58 60 64
39 38 77
68 18 73
2 42 92
70 14 50
13 43 96
31 27 21
64 47 16
58 3 62
41 34 4
41 44 10
29 30 23
12 16 76
4 36 85
39 25 95
49 26 39
44 24 72
13 55 7
18 67 23
72 5 48
67 11 97
70 21 81
44 56 99
59 27 12
33 47 44
5 68 18
15 26 21
28 58 16
43 18 25
3 19 31
2 70 81
48 8 29
19 37 97
19 9 75
36 68 55
7 28 95
56 1 15
58 11 11
56 57 45
19 69 46
39 62 69
24 22 63
60 25 38
7 58 12
39 66 78
13 57 49
59 62 96
64 11 4
27 62 20
61 56 62
42 1 30
49 17 67
4 12 21
18 24 40
1 26 33
32 11 42
40 10 89
16 72 45
30 39 64
46 37 77
68 46 58
37 38 76
15 38 96
55 44 88
4 18 20
72 10 12
1 3 6
29 54 7
18 63 88
31 46 1
37 16 26
31 55 78
23 17 50
69 68 28
5 30 28
32 34 148 165 0
51 30 68
30 40 24
51 11 64
51 38 42
30 56 78
51 35 11
40 5 59
30 39 18
30 12 46
5 31 11
5 22 84
56 46 40
39 6 77
56 13 84
11 27 82
30 44 31
11 47 77
47 49 82
6 2 10
11 59 44
6 63 48
30 19 32
49 61 24
46 1 52
49 21 29
22 23 32
19 33 96
40 8 31
19 55 2
56 65 73
47 3 99
19 53 35
49 20 60
59 41 19
59 9 40
6 43 59
63 18 20
11 54 44
23 37 90
33 64 63
22 4 61
21 16 34
19 60 17
37 34 32
55 28 81
27 42 5
8 52 10
49 15 6
54 36 7
1 24 41
42 26 90
13 57 84
18 25 40
33 66 51
59 50 79
63 14 51
44 62 59
50 17 99
63 45 99
12 29 97
28 32 85
34 58 57
15 48 91
58 10 66
19 7 91
65 11 80
31 60 89
52 29 91
6 17 56
47 14 15
27 37 41
42 4 37
65 33 89
37 8 32
39 1 81
22 41 27
66 12 57
42 52 70
37 13 9
33 25 39
30 37 66
64 8 23
40 54 15
8 4 53
24 46 55
49 19 15
33 58 29
12 28 38
63 39 73
35 36 84
42 37 55
35 34 84
16 8 52
47 60 64
33 55 86
36 61 60
34 55 61
63 59 34
33 45 69
31 30 70
36 43 54
23 56 62
66 46 30
3 63 52
29 14 57
49 12 27
28 42 87
7 16 50
14 42 81
62 38 42
23 20 73
55 64 89
37 25 16
29 4 15
15 34 96
62 39 60
18 49 77
6 35 73
45 27 87
58 57 45
33 3 29
40 62 42
25 42 71
23 2 67
38 21 93
22 1 38
33 37 57
36 23 100
20 39 26
58 15 69
66 42 79
53 56 73
26 56 27
39 32 98
3 20 41
38 58 82
43 58 60
29 35 76
11 12 57
26 35 50
28 65 30
12 9 54
29 37 80
40 53 29
20 51 69
62 35 7
48 26 12
35 31 15
